42 4d 46 00 08 08 00 01
00 00 00 00 00 00 00 00
00 00 00 00 00 00 00 00
00 00 00 00 00 00 00 00
00 00 00 00 00 00 00 00
00 00 00 00 00 00 00 00
00 00 00 00 00 00 00 00
00 00 00 00 00 00 00 00
00 00 00 00 00 00 00 00
00 00 00 00 00 00 00 00
00 00 00 00 00 00 00 00
00 00 00 00 00 00 00 00
00 00 00 00 00 00 00 00
00 00 00 00 00 00 00 00
00 00 00 00 00 00 00 00
00 00 00 00 00 00 00 00
00 00 00 00 00 00 00 00
00 00 00 00 00 00 00 00
00 00 00 00 00 00 00 00
00 00 00 00 00 00 00 00
00 00 00 00 00 00 00 00
00 00 00 00 00 00 00 00
00 00 00 00 00 00 00 00
00 00 00 00 00 00 00 00
00 00 00 00 00 00 00 00
00 00 00 00 00 00 00 00
00 00 00 00 00 00 00 00
00 00 00 00 00 00 00 00
00 00 00 00 00 00 00 00
00 00 00 00 00 00 00 00
00 00 00 00 00 00 00 00
00 00 00 00 00 00 00 00
00 00 00 00 00 00 00 00
00 00 00 00 00 00 00 00 
10 10 10 10 00 10 10 00 
00 24 24 00 00 00 00 00 
00 24 7e 24 24 7e 48 00 
08 3c 40 3c 04 78 20 00 
00 32 54 68 16 2a 4c 00 
18 20 48 3c 48 48 36 00 
10 10 20 00 00 00 00 00 
08 10 20 20 20 10 08 00 
20 10 08 08 08 10 20 00 
00 10 10 78 20 50 00 00 
00 10 10 7c 10 10 00 00 
00 00 00 00 00 08 08 10 
00 00 00 7e 00 00 00 00 
00 00 00 00 00 10 10 00 
00 02 04 08 10 20 40 00 
3c 42 42 42 42 44 38 00 
30 10 10 10 10 10 38 00 
78 44 08 10 20 42 7c 00 
7c 88 3c 02 02 44 38 00 
18 28 48 4a 7e 08 1c 00 
7e 40 7c 02 04 48 70 00 
0c 10 20 7c 42 42 7c 00 
7e 42 04 08 10 10 18 00 
3c 44 48 3c 22 42 7c 00 
3e 42 42 3e 04 08 10 00 
00 00 10 10 00 10 10 00 
00 00 08 08 00 08 08 10 
00 08 10 20 10 08 00 00 
00 00 7c 00 7c 00 00 00 
00 10 08 04 08 10 00 00 
38 44 02 1c 00 10 10 00 
1c 22 4a 56 5c 40 38 00 
18 24 42 7e 42 42 e7 00 
fc 44 48 7c 42 42 fc 00 
3c 42 40 40 42 44 38 00 
fc 42 42 42 44 48 f0 00 
7e 22 20 78 20 22 7c 00 
7e 22 20 7c 20 20 70 00 
0c 12 20 4e 42 42 3e 00 
e7 42 42 7e 42 42 e7 00 
38 10 10 10 10 10 38 00 
06 02 02 02 44 48 30 00 
ee 44 48 78 44 42 e7 00 
70 20 20 20 20 22 7c 00 
c3 66 5a 42 42 42 e7 00 
c7 62 52 4a 46 42 e2 00 
3c 42 42 42 44 48 30 00 
7c 42 44 48 70 40 40 00 
3c 42 42 4a 44 4a 32 00 
7c 42 44 48 70 48 46 00 
3c 42 40 3c 02 44 38 00 
fe 92 10 10 10 10 38 00 
e7 42 42 42 44 48 30 00 
ce 44 44 44 48 50 60 00 
e3 41 49 49 49 5a 6c 00 
ee 44 28 10 28 44 ee 00 
ee 44 48 70 10 10 30 00 
7c 44 08 10 20 44 7c 00 
38 20 20 20 20 20 38 00 
00 40 20 10 08 04 02 00 
38 08 08 08 08 08 38 00 
10 28 54 10 10 10 10 00 
00 00 00 00 00 00 00 ff 
0c 12 20 78 20 42 7c 00 
00 78 04 3c 44 4c 36 00 
40 20 3c 22 22 24 78 00 
00 38 44 40 40 44 38 00 
0c 04 3c 44 44 4c 32 00 
00 38 44 48 70 44 38 00 
0c 10 38 10 10 10 38 00 
00 3c 44 4c 54 64 08 30 
c0 40 48 54 64 44 ce 00 
10 00 30 10 10 10 38 00 
08 00 18 08 08 08 10 20 
60 26 28 30 28 24 62 00 
30 10 10 10 10 10 38 00 
00 92 6d 49 49 49 6b 00 
00 88 54 64 44 44 ee 00 
00 38 44 44 44 48 30 00 
40 2c 32 22 24 38 20 70 
00 3c 44 44 4c 54 24 0e 
00 6c 30 20 20 20 70 00 
00 3c 40 38 04 08 70 00 
10 7c 10 10 10 12 1c 00 
00 cc 44 44 4c 54 66 00 
00 ce 44 44 48 50 e0 00 
00 db 49 49 49 5a 6c 00 
00 c6 28 10 10 28 c6 00 
00 66 22 22 26 3a 04 18 
00 7c 44 08 10 24 7c 00 
0e 08 08 30 08 08 0e 00 
10 10 10 10 10 10 10 00 
70 10 10 0c 10 10 70 00 
00 14 28 00 00 00 00 00 
3c 42 99 a1 a5 b9 42 3c 
00 00 00 00 00 00 00 00
00 00 00 00 00 00 00 00
00 00 00 00 00 00 00 00
00 00 00 00 00 00 00 00
00 00 00 00 00 00 00 00
00 00 00 00 00 00 00 00
00 00 00 00 00 00 00 00
00 00 00 00 00 00 00 00
00 00 00 00 00 00 00 00
00 00 00 00 00 00 00 00
00 00 00 00 00 00 00 00
00 00 00 00 00 00 00 00
00 00 00 00 00 00 00 00
00 00 00 00 00 00 00 00
00 00 00 00 00 00 00 00
00 00 00 00 00 00 00 00
00 00 00 00 00 00 00 00
00 00 00 00 00 00 00 00
00 00 00 00 00 00 00 00
00 00 00 00 00 00 00 00
00 00 00 00 00 00 00 00
00 00 00 00 00 00 00 00
00 00 00 00 00 00 00 00
00 00 00 00 00 00 00 00
00 00 00 00 00 00 00 00
00 00 00 00 00 00 00 00
00 00 00 00 00 00 00 00
00 00 00 00 00 00 00 00
00 00 00 00 00 00 00 00
00 00 00 00 00 00 00 00
00 00 00 00 00 00 00 00
00 00 00 00 00 00 00 00
00 00 00 00 00 00 00 00
00 00 00 00 00 00 00 00
00 00 00 00 00 00 00 00
00 00 00 00 00 00 00 00
00 00 00 00 00 00 00 00
00 00 00 00 00 00 00 00
00 00 00 00 00 00 00 00
00 00 00 00 00 00 00 00
00 00 00 00 00 00 00 00
00 00 00 00 00 00 00 00
00 00 00 00 00 00 00 00
00 00 00 00 00 00 00 00
00 00 00 00 00 00 00 00
00 00 00 00 00 00 00 00
00 00 00 00 00 00 00 00
00 00 00 00 00 00 00 00
00 00 00 00 00 00 00 00
00 00 00 00 00 00 00 00
00 00 00 00 00 00 00 00
00 00 00 00 00 00 00 00
00 00 00 00 00 00 00 00
00 00 00 00 00 00 00 00
00 00 00 00 00 00 00 00
00 00 00 00 00 00 00 00
00 00 00 00 00 00 00 00
00 00 00 00 00 00 00 00
00 00 00 00 00 00 00 00
00 00 00 00 00 00 00 00
00 00 00 00 00 00 00 00
00 00 00 00 00 00 00 00
00 00 00 00 00 00 00 00
00 00 00 00 00 00 00 00
00 00 00 00 00 00 00 00
00 00 00 00 00 00 00 00
00 00 00 00 00 00 00 00
00 00 00 00 00 00 00 00
00 00 00 00 00 00 00 00
00 00 00 00 00 00 00 00
00 00 00 00 00 00 00 00
00 00 00 00 00 00 00 00
00 00 00 00 00 00 00 00
00 00 00 00 00 00 00 00
00 00 00 00 00 00 00 00
00 00 00 00 00 00 00 00
00 00 00 00 00 00 00 00
00 00 00 00 00 00 00 00
00 00 00 00 00 00 00 00
00 00 00 00 00 00 00 00
00 00 00 00 00 00 00 00
00 00 00 00 00 00 00 00
00 00 00 00 00 00 00 00
00 00 00 00 00 00 00 00
00 00 00 00 00 00 00 00
00 00 00 00 00 00 00 00
00 00 00 00 00 00 00 00
00 00 00 00 00 00 00 00
00 00 00 00 00 00 00 00
00 00 00 00 00 00 00 00
00 00 00 00 00 00 00 00
00 00 00 00 00 00 00 00
00 00 00 00 00 00 00 00
00 00 00 00 00 00 00 00
00 00 00 00 00 00 00 00
00 00 00 00 00 00 00 00
00 00 00 00 00 00 00 00
00 00 00 00 00 00 00 00
00 00 00 00 00 00 00 00
00 00 00 00 00 00 00 00
00 00 00 00 00 00 00 00
00 00 00 00 00 00 00 00
00 00 00 00 00 00 00 00
00 00 00 00 00 00 00 00
00 00 00 00 00 00 00 00
00 00 00 00 00 00 00 00
00 00 00 00 00 00 00 00
00 00 00 00 00 00 00 00
00 00 00 00 00 00 00 00
00 00 00 00 00 00 00 00
00 00 00 00 00 00 00 00
00 00 00 00 00 00 00 00
00 00 00 00 00 00 00 00
00 00 00 00 00 00 00 00
00 00 00 00 00 00 00 00
00 00 00 00 00 00 00 00
00 00 00 00 00 00 00 00
00 00 00 00 00 00 00 00
00 00 00 00 00 00 00 00
00 00 00 00 00 00 00 00
00 00 00 00 00 00 00 00
00 00 00 00 00 00 00 00
00 00 00 00 00 00 00 00
00 00 00 00 00 00 00 00
00 00 00 00 00 00 00 00
00 00 00 00 00 00 00 00
00 00 00 00 00 00 00 00
00 00 00 00 00 00 00 00
