42 4d 46 00 08 08 00 01
00 00 00 00 00 00 00 00
00 00 00 00 00 00 00 00
00 00 00 00 00 00 00 00
00 00 00 00 00 00 00 00
00 00 00 00 00 00 00 00
00 00 00 00 00 00 00 00
00 00 00 00 00 00 00 00
00 00 00 00 00 00 00 00
00 00 00 00 00 00 00 00
00 00 00 00 00 00 00 00
00 00 00 00 00 00 00 00
00 00 00 00 00 00 00 00
00 00 00 00 00 00 00 00
00 00 00 00 00 00 00 00
00 00 00 00 00 00 00 00
00 00 00 00 00 00 00 00
00 00 00 00 00 00 00 00
00 00 00 00 00 00 00 00
00 00 00 00 00 00 00 00
00 00 00 00 00 00 00 00
00 00 00 00 00 00 00 00
00 00 00 00 00 00 00 00
00 00 00 00 00 00 00 00
00 00 00 00 00 00 00 00
00 00 00 00 00 00 00 00
00 00 00 00 00 00 00 00
00 00 00 00 00 00 00 00
00 00 00 00 00 00 00 00
00 00 00 00 00 00 00 00
00 00 00 00 00 00 00 00
00 00 00 00 00 00 00 00
00 00 00 00 00 00 00 00
00 00 00 00 00 00 00 00 
10 10 18 18 18 00 18 00 
6c 6c 24 00 00 00 00 00 
00 34 7e 34 2c 7e 2c 00 
00 10 7c 40 7c 0c 7c 10 
e2 ae e8 78 ee ce ce 00 
7c 44 6c 38 6e 64 7e 00 
18 18 08 00 00 00 00 00 
08 10 20 20 20 10 08 00 
20 10 08 08 08 10 20 00 
00 10 7c 38 7c 10 00 00 
00 10 10 7e 18 18 00 00 
00 00 00 00 00 18 18 08 
00 00 00 7e 00 00 00 00 
00 00 00 00 00 18 18 00 
02 06 0c 18 30 60 60 00 
7e 42 42 42 42 42 7e 00 
30 10 10 10 3c 3c 3c 00 
3c 04 04 3c 20 20 3c 00 
78 08 08 3c 0c 0c 7c 00 
60 60 60 6c 7c 0c 0c 00 
7c 40 40 7c 04 04 7c 00 
70 50 40 40 7c 44 7c 00 
7c 44 04 08 10 10 10 00 
3c 24 24 7e 66 66 7e 00 
7c 44 44 7c 0c 0c 0c 00 
00 18 18 00 00 18 18 00 
00 18 18 00 00 18 18 08 
00 08 10 60 30 18 18 00 
00 00 7e 00 7e 00 00 00 
00 10 08 06 0c 18 18 00 
7e 42 02 1e 18 00 18 00 
fe 82 9e d2 de c0 fe 00 
3c 24 24 7e 66 66 66 00 
7c 44 44 7e 66 66 7e 00 
78 48 40 60 64 64 7c 00 
78 44 44 64 64 64 78 00 
3c 20 20 78 60 60 7c 00 
3c 20 20 78 60 60 60 00 
78 48 40 4e 46 46 7e 00 
44 44 44 7c 64 64 64 00 
10 10 10 18 18 18 18 00 
04 04 04 0c 0c 4c 7c 00 
4c 4c 4c 7e 42 42 42 00 
40 40 40 60 60 60 7c 00 
7e 52 52 c6 c6 c6 c6 00 
7c 44 44 64 64 64 64 00 
7e 62 62 62 42 42 7e 00 
7c 44 44 7c 60 60 60 00 
7e 42 42 46 46 46 7e 00 
7c 44 44 7c 46 46 46 00 
7e 60 60 7e 06 06 7e 00 
7e 10 10 18 18 18 18 00 
44 44 44 64 64 64 78 00 
42 42 42 66 2c 2c 3c 00 
c6 c6 c6 d6 54 54 6c 00 
cc cc cc 78 c4 c4 c4 00 
44 44 44 7c 0c 0c 7c 00 
7c 04 04 7c 60 60 7c 00 
3c 20 20 30 30 30 3c 00 
40 60 30 18 0c 0c 0c 00 
3c 04 04 0c 0c 0c 3c 00 
10 10 7c 64 64 00 00 00 
00 00 00 00 00 00 00 ff 
1c 14 10 7e 30 30 7e 00 
00 00 3e 02 7e 62 7e 00 
40 40 40 7e 46 46 7e 00 
00 00 7e 40 60 60 7e 00 
02 02 02 7e 62 62 7e 00 
00 00 7e 46 7e 40 7e 00 
1e 12 10 7e 18 18 18 00 
00 00 7e 62 62 7e 02 7e 
40 40 40 7e 46 46 46 00 
08 00 08 08 18 18 18 00 
04 00 04 04 0c 0c 4c 7c 
40 48 48 7e 46 46 46 00 
18 08 08 08 18 18 18 00 
00 00 7e 52 56 56 56 00 
00 00 7e 42 46 46 46 00 
00 00 7e 62 62 42 7e 00 
00 00 7e 42 42 7e 60 60 
00 00 7e 42 42 7e 06 06 
00 00 7e 42 60 60 60 00 
00 00 7e 40 7e 06 7e 00 
20 20 78 20 30 32 3e 00 
00 00 42 42 46 46 7e 00 
00 00 42 42 76 34 3c 00 
00 00 42 42 6a 6a 7e 00 
00 00 66 26 3c 64 66 00 
00 00 42 42 42 7e 06 7e 
00 00 7e 04 18 20 7e 00 
1e 10 10 78 18 18 1e 00 
80 40 20 10 08 04 02 00 
78 08 08 1e 18 18 78 00 
74 5c 5c 00 00 00 00 00 
ff 81 bd a1 b1 bd 81 ff 
00 00 00 00 00 00 00 00
00 00 00 00 00 00 00 00
00 00 00 00 00 00 00 00
00 00 00 00 00 00 00 00
00 00 00 00 00 00 00 00
00 00 00 00 00 00 00 00
00 00 00 00 00 00 00 00
00 00 00 00 00 00 00 00
00 00 00 00 00 00 00 00
00 00 00 00 00 00 00 00
00 00 00 00 00 00 00 00
00 00 00 00 00 00 00 00
00 00 00 00 00 00 00 00
00 00 00 00 00 00 00 00
00 00 00 00 00 00 00 00
00 00 00 00 00 00 00 00
00 00 00 00 00 00 00 00
00 00 00 00 00 00 00 00
00 00 00 00 00 00 00 00
00 00 00 00 00 00 00 00
00 00 00 00 00 00 00 00
00 00 00 00 00 00 00 00
00 00 00 00 00 00 00 00
00 00 00 00 00 00 00 00
00 00 00 00 00 00 00 00
00 00 00 00 00 00 00 00
00 00 00 00 00 00 00 00
00 00 00 00 00 00 00 00
00 00 00 00 00 00 00 00
00 00 00 00 00 00 00 00
00 00 00 00 00 00 00 00
00 00 00 00 00 00 00 00
00 00 00 00 00 00 00 00
00 00 00 00 00 00 00 00
00 00 00 00 00 00 00 00
00 00 00 00 00 00 00 00
00 00 00 00 00 00 00 00
00 00 00 00 00 00 00 00
00 00 00 00 00 00 00 00
00 00 00 00 00 00 00 00
00 00 00 00 00 00 00 00
00 00 00 00 00 00 00 00
00 00 00 00 00 00 00 00
00 00 00 00 00 00 00 00
00 00 00 00 00 00 00 00
00 00 00 00 00 00 00 00
00 00 00 00 00 00 00 00
00 00 00 00 00 00 00 00
00 00 00 00 00 00 00 00
00 00 00 00 00 00 00 00
00 00 00 00 00 00 00 00
00 00 00 00 00 00 00 00
00 00 00 00 00 00 00 00
00 00 00 00 00 00 00 00
00 00 00 00 00 00 00 00
00 00 00 00 00 00 00 00
00 00 00 00 00 00 00 00
00 00 00 00 00 00 00 00
00 00 00 00 00 00 00 00
00 00 00 00 00 00 00 00
00 00 00 00 00 00 00 00
00 00 00 00 00 00 00 00
00 00 00 00 00 00 00 00
00 00 00 00 00 00 00 00
00 00 00 00 00 00 00 00
00 00 00 00 00 00 00 00
00 00 00 00 00 00 00 00
00 00 00 00 00 00 00 00
00 00 00 00 00 00 00 00
00 00 00 00 00 00 00 00
00 00 00 00 00 00 00 00
00 00 00 00 00 00 00 00
00 00 00 00 00 00 00 00
00 00 00 00 00 00 00 00
00 00 00 00 00 00 00 00
00 00 00 00 00 00 00 00
00 00 00 00 00 00 00 00
00 00 00 00 00 00 00 00
00 00 00 00 00 00 00 00
00 00 00 00 00 00 00 00
00 00 00 00 00 00 00 00
00 00 00 00 00 00 00 00
00 00 00 00 00 00 00 00
00 00 00 00 00 00 00 00
00 00 00 00 00 00 00 00
00 00 00 00 00 00 00 00
00 00 00 00 00 00 00 00
00 00 00 00 00 00 00 00
00 00 00 00 00 00 00 00
00 00 00 00 00 00 00 00
00 00 00 00 00 00 00 00
00 00 00 00 00 00 00 00
00 00 00 00 00 00 00 00
00 00 00 00 00 00 00 00
00 00 00 00 00 00 00 00
00 00 00 00 00 00 00 00
00 00 00 00 00 00 00 00
00 00 00 00 00 00 00 00
00 00 00 00 00 00 00 00
00 00 00 00 00 00 00 00
00 00 00 00 00 00 00 00
00 00 00 00 00 00 00 00
00 00 00 00 00 00 00 00
00 00 00 00 00 00 00 00
00 00 00 00 00 00 00 00
00 00 00 00 00 00 00 00
00 00 00 00 00 00 00 00
00 00 00 00 00 00 00 00
00 00 00 00 00 00 00 00
00 00 00 00 00 00 00 00
00 00 00 00 00 00 00 00
00 00 00 00 00 00 00 00
00 00 00 00 00 00 00 00
00 00 00 00 00 00 00 00
00 00 00 00 00 00 00 00
00 00 00 00 00 00 00 00
00 00 00 00 00 00 00 00
00 00 00 00 00 00 00 00
00 00 00 00 00 00 00 00
00 00 00 00 00 00 00 00
00 00 00 00 00 00 00 00
00 00 00 00 00 00 00 00
00 00 00 00 00 00 00 00
00 00 00 00 00 00 00 00
00 00 00 00 00 00 00 00
00 00 00 00 00 00 00 00
00 00 00 00 00 00 00 00
00 00 00 00 00 00 00 00
