42 4d 46 00 08 08 00 01
00 00 00 00 00 00 00 00
00 00 00 00 00 00 00 00
00 00 00 00 00 00 00 00
00 00 00 00 00 00 00 00
00 00 00 00 00 00 00 00
00 00 00 00 00 00 00 00
00 00 00 00 00 00 00 00
00 00 00 00 00 00 00 00
00 00 00 00 00 00 00 00
00 00 00 00 00 00 00 00
00 00 00 00 00 00 00 00
00 00 00 00 00 00 00 00
00 00 00 00 00 00 00 00
00 00 00 00 00 00 00 00
00 00 00 00 00 00 00 00
00 00 00 00 00 00 00 00
00 00 00 00 00 00 00 00
00 00 00 00 00 00 00 00
00 00 00 00 00 00 00 00
00 00 00 00 00 00 00 00
00 00 00 00 00 00 00 00
00 00 00 00 00 00 00 00
00 00 00 00 00 00 00 00
00 00 00 00 00 00 00 00
00 00 00 00 00 00 00 00
00 00 00 00 00 00 00 00
00 00 00 00 00 00 00 00
00 00 00 00 00 00 00 00
00 00 00 00 00 00 00 00
00 00 00 00 00 00 00 00
00 00 00 00 00 00 00 00
00 00 00 00 00 00 00 00
00 00 00 00 00 00 00 00 
08 08 10 10 00 20 20 00 
24 24 48 00 00 00 00 00 
00 12 7f 24 fe 48 00 00 
00 04 0f 14 08 14 f8 20 
00 33 64 08 10 26 cc 00 
18 24 28 1a 24 4c 32 00 
10 10 20 00 00 00 00 00 
0c 10 20 20 40 40 30 00 
18 04 04 08 08 10 60 00 
00 08 2a 3c 54 10 00 00 
00 08 08 7e 10 10 00 00 
00 00 00 00 00 10 10 20 
00 00 00 7c 00 00 00 00 
00 00 00 00 00 10 10 00 
02 04 08 10 20 40 80 00 
0c 12 22 42 44 48 30 00 
04 0c 18 08 08 10 10 00 
1c 22 02 0c 30 40 7c 00 
3e 04 18 08 04 84 78 00 
10 24 24 48 7c 08 10 00 
1f 10 38 04 04 88 70 00 
0f 10 2c 32 42 44 38 00 
3e 02 04 08 10 20 40 00 
1c 22 24 18 24 44 38 00 
1c 22 42 4c 34 08 f0 00 
00 00 10 00 00 10 00 00 
00 00 10 00 00 10 20 00 
00 08 10 20 10 08 00 00 
00 00 7c 00 7c 00 00 00 
00 20 10 08 10 20 00 00 
f8 04 04 18 00 20 00 00 
00 38 4c 54 8c 80 7f 00 
0c 0c 14 14 3c 22 c2 00 
fc 02 24 2c 42 44 78 00 
0c 12 20 40 40 40 3e 00 
f8 04 22 22 42 44 78 00 
fc 20 40 38 40 80 7f 00 
1f 20 40 38 40 40 80 00 
18 24 40 87 84 82 7e 00 
c1 22 22 7c 44 44 83 00 
70 08 10 10 20 20 1e 00 
03 04 04 04 08 88 70 00 
62 24 28 30 48 44 83 00 
e0 10 20 20 40 40 3f 00 
c1 22 36 4a 54 94 83 00 
c1 22 22 54 4c 44 83 00 
18 24 42 82 82 84 78 00 
fc 02 24 38 40 40 80 00 
18 24 42 82 9a 84 7b 00 
fc 02 24 38 48 44 83 00 
3f 40 20 10 08 04 f8 00 
ff 08 08 10 10 20 20 00 
e1 21 42 42 82 84 78 00 
e1 21 22 22 24 28 30 00 
e1 29 4a 52 94 b4 58 00 
c1 22 24 18 24 44 83 00 
c1 22 24 18 20 40 80 00 
fe 02 04 18 60 80 ff 00 
1e 10 20 20 20 40 78 00 
80 40 20 10 08 04 02 00 
1e 02 04 04 04 08 78 00 
00 10 38 54 10 10 10 00 
00 00 00 00 00 00 00 fe 
0c 12 10 f8 20 40 fe 00 
00 00 1c 20 44 4c 33 00 
10 10 2c 32 42 04 f8 00 
00 00 18 24 40 40 3f 00 
01 01 1a 26 42 40 3e 00 
00 00 18 24 58 60 3f 00 
00 07 08 3c 10 10 e0 00 
00 00 1f 20 26 1a 04 78 
10 10 2c 32 42 44 c7 00 
04 00 f8 08 10 20 1f 00 
04 00 07 08 08 90 60 00 
10 10 20 2c 70 50 cf 00 
f0 08 08 10 10 20 1f 00 
00 00 22 36 5c 44 c7 00 
00 00 2c 32 42 44 c7 00 
00 00 1c 22 42 44 38 00 
00 00 fc 02 42 64 58 80 
00 00 3f 40 84 98 68 10 
00 00 2e 32 22 4c c3 00 
00 00 0f 10 08 04 f8 00 
08 08 fe 10 20 20 1f 00 
00 00 e2 22 42 4c 34 00 
00 00 c3 24 28 30 20 00 
00 00 c1 49 5a 6c 48 00 
00 00 43 24 18 24 c2 00 
00 00 11 22 26 1a 04 f8 
00 00 7f 04 18 20 fe 00 
1e 10 60 10 20 40 78 00 
08 08 10 10 10 20 20 00 
1e 02 04 03 04 08 78 00 
00 34 2c 00 00 00 00 00 
1c 22 4d 55 a1 ba 44 38 
00 00 00 00 00 00 00 00
00 00 00 00 00 00 00 00
00 00 00 00 00 00 00 00
00 00 00 00 00 00 00 00
00 00 00 00 00 00 00 00
00 00 00 00 00 00 00 00
00 00 00 00 00 00 00 00
00 00 00 00 00 00 00 00
00 00 00 00 00 00 00 00
00 00 00 00 00 00 00 00
00 00 00 00 00 00 00 00
00 00 00 00 00 00 00 00
00 00 00 00 00 00 00 00
00 00 00 00 00 00 00 00
00 00 00 00 00 00 00 00
00 00 00 00 00 00 00 00
00 00 00 00 00 00 00 00
00 00 00 00 00 00 00 00
00 00 00 00 00 00 00 00
00 00 00 00 00 00 00 00
00 00 00 00 00 00 00 00
00 00 00 00 00 00 00 00
00 00 00 00 00 00 00 00
00 00 00 00 00 00 00 00
00 00 00 00 00 00 00 00
00 00 00 00 00 00 00 00
00 00 00 00 00 00 00 00
00 00 00 00 00 00 00 00
00 00 00 00 00 00 00 00
00 00 00 00 00 00 00 00
00 00 00 00 00 00 00 00
00 00 00 00 00 00 00 00
00 00 00 00 00 00 00 00
00 00 00 00 00 00 00 00
00 00 00 00 00 00 00 00
00 00 00 00 00 00 00 00
00 00 00 00 00 00 00 00
00 00 00 00 00 00 00 00
00 00 00 00 00 00 00 00
00 00 00 00 00 00 00 00
00 00 00 00 00 00 00 00
00 00 00 00 00 00 00 00
00 00 00 00 00 00 00 00
00 00 00 00 00 00 00 00
00 00 00 00 00 00 00 00
00 00 00 00 00 00 00 00
00 00 00 00 00 00 00 00
00 00 00 00 00 00 00 00
00 00 00 00 00 00 00 00
00 00 00 00 00 00 00 00
00 00 00 00 00 00 00 00
00 00 00 00 00 00 00 00
00 00 00 00 00 00 00 00
00 00 00 00 00 00 00 00
00 00 00 00 00 00 00 00
00 00 00 00 00 00 00 00
00 00 00 00 00 00 00 00
00 00 00 00 00 00 00 00
00 00 00 00 00 00 00 00
00 00 00 00 00 00 00 00
00 00 00 00 00 00 00 00
00 00 00 00 00 00 00 00
00 00 00 00 00 00 00 00
00 00 00 00 00 00 00 00
00 00 00 00 00 00 00 00
00 00 00 00 00 00 00 00
00 00 00 00 00 00 00 00
00 00 00 00 00 00 00 00
00 00 00 00 00 00 00 00
00 00 00 00 00 00 00 00
00 00 00 00 00 00 00 00
00 00 00 00 00 00 00 00
00 00 00 00 00 00 00 00
00 00 00 00 00 00 00 00
00 00 00 00 00 00 00 00
00 00 00 00 00 00 00 00
00 00 00 00 00 00 00 00
00 00 00 00 00 00 00 00
00 00 00 00 00 00 00 00
00 00 00 00 00 00 00 00
00 00 00 00 00 00 00 00
00 00 00 00 00 00 00 00
00 00 00 00 00 00 00 00
00 00 00 00 00 00 00 00
00 00 00 00 00 00 00 00
00 00 00 00 00 00 00 00
00 00 00 00 00 00 00 00
00 00 00 00 00 00 00 00
00 00 00 00 00 00 00 00
00 00 00 00 00 00 00 00
00 00 00 00 00 00 00 00
00 00 00 00 00 00 00 00
00 00 00 00 00 00 00 00
00 00 00 00 00 00 00 00
00 00 00 00 00 00 00 00
00 00 00 00 00 00 00 00
00 00 00 00 00 00 00 00
00 00 00 00 00 00 00 00
00 00 00 00 00 00 00 00
00 00 00 00 00 00 00 00
00 00 00 00 00 00 00 00
00 00 00 00 00 00 00 00
00 00 00 00 00 00 00 00
00 00 00 00 00 00 00 00
00 00 00 00 00 00 00 00
00 00 00 00 00 00 00 00
00 00 00 00 00 00 00 00
00 00 00 00 00 00 00 00
00 00 00 00 00 00 00 00
00 00 00 00 00 00 00 00
00 00 00 00 00 00 00 00
00 00 00 00 00 00 00 00
00 00 00 00 00 00 00 00
00 00 00 00 00 00 00 00
00 00 00 00 00 00 00 00
00 00 00 00 00 00 00 00
00 00 00 00 00 00 00 00
00 00 00 00 00 00 00 00
00 00 00 00 00 00 00 00
00 00 00 00 00 00 00 00
00 00 00 00 00 00 00 00
00 00 00 00 00 00 00 00
00 00 00 00 00 00 00 00
00 00 00 00 00 00 00 00
00 00 00 00 00 00 00 00
00 00 00 00 00 00 00 00
00 00 00 00 00 00 00 00
00 00 00 00 00 00 00 00
