42 4d 46 00 08 08 00 01
00 00 00 00 00 00 00 00
00 00 00 00 00 00 00 00
00 00 00 00 00 00 00 00
00 00 00 00 00 00 00 00
00 00 00 00 00 00 00 00
00 00 00 00 00 00 00 00
00 00 00 00 00 00 00 00
00 00 00 00 00 00 00 00
00 00 00 00 00 00 00 00
00 00 00 00 00 00 00 00
00 00 00 00 00 00 00 00
00 00 00 00 00 00 00 00
00 00 00 00 00 00 00 00
00 00 00 00 00 00 00 00
00 00 00 00 00 00 00 00
00 00 00 00 00 00 00 00
00 00 00 00 00 00 00 00
00 00 00 00 00 00 00 00
00 00 00 00 00 00 00 00
00 00 00 00 00 00 00 00
00 00 00 00 00 00 00 00
00 00 00 00 00 00 00 00
00 00 00 00 00 00 00 00
00 00 00 00 00 00 00 00
00 00 00 00 00 00 00 00
00 00 00 00 00 00 00 00
00 00 00 00 00 00 00 00
00 00 00 00 00 00 00 00
00 00 00 00 00 00 00 00
00 00 00 00 00 00 00 00
00 00 00 00 00 00 00 00
00 00 00 00 00 00 00 00
00 00 00 00 00 00 00 00 
3c 24 3c 24 3c 00 3c 00 
ee aa cc 00 00 00 00 00 
7a cf 7a 4a 7a cf 7a 00 
38 ee b8 ee 3a ee 38 00 
67 a9 de 24 7b 95 e6 00 
fe 96 f0 5e f4 94 fe 00 
38 28 30 00 00 00 00 00 
1e 24 38 48 38 24 1e 00 
78 24 1c 12 1c 24 78 00 
00 18 66 3c 66 18 00 00 
00 3c 24 ff 24 3c 00 00 
00 00 00 00 00 38 28 30 
00 00 00 7e 00 00 00 00 
00 00 00 00 3c 24 3c 00 
07 09 1e 24 78 90 e0 00 
fe 92 be d2 9e 92 fe 00 
3c 64 3c 24 3c 24 7e 00 
fe 92 1e 12 fe 80 fe 00 
fe 12 1e 72 1e 12 fe 00 
9e 92 9e f2 1e 12 1e 00 
fe 80 fe 12 1e 92 fe 00 
fe 90 fe 92 f2 92 fe 00 
fe 12 1e 12 1e 12 1e 00 
fe 92 9e 74 9e 92 fe 00 
fe 92 9e f2 1e 92 fe 00 
38 28 38 00 38 28 38 00 
38 28 38 00 00 38 28 30 
0f 12 3c 48 3c 12 0f 00 
00 00 7e 00 7e 00 00 00 
f0 48 3c 12 3c 48 f0 00 
fe 92 1e 12 3e 00 3c 00 
fe 92 f6 9a f6 90 fe 00 
fe 92 9e f2 9e 92 9e 00 
fe 92 f2 9c f2 92 fe 00 
fe 92 f2 90 f2 92 fe 00 
fe 92 f2 92 f2 94 f8 00 
fe 90 f0 9c f0 90 fe 00 
fe 90 f0 9c f0 90 f0 00 
fe 92 f0 96 f2 92 fe 00 
f2 92 f2 9e f2 92 f2 00 
3c 24 3c 24 3c 24 3c 00 
1e 12 1e 12 9e 92 fe 00 
f2 92 f4 98 f4 92 f2 00 
f0 90 f0 90 f0 90 fe 00 
ff a9 af a9 af a9 af 00 
fe 92 9e 92 9e 92 9e 00 
fe 92 9e 92 9e 92 fe 00 
fe 92 f2 9e f0 90 f0 00 
fe 92 f2 92 f2 92 fc 1e 
fe 92 f2 9c f2 92 f2 00 
fe 80 fe 12 1e 92 fe 00 
ff 24 3c 24 3c 24 3c 00 
9e 92 9e 92 9e 92 fe 00 
f2 92 f2 92 f4 98 f0 00 
af a9 af a9 af a9 ff 00 
9e 92 9e 74 9e 92 9e 00 
9e 92 9e f2 1e 92 fe 00 
fe 92 3c 48 f0 92 fe 00 
7e 48 78 48 78 48 7e 00 
e0 90 78 24 1e 09 07 00 
7e 12 1e 12 1e 12 7e 00 
18 24 7e e7 3c 24 3c 00 
00 00 00 00 00 00 00 ff 
7e 4a 78 cc 78 4a fe 00 
00 00 fe 12 fe 92 fe 00 
f0 90 fe 92 f2 92 fe 00 
00 00 fe 92 f0 92 fe 00 
1e 12 fe 92 9e 92 fe 00 
00 00 fe 92 fe 90 fe 00 
7e 4a 78 4c 78 48 78 00 
00 00 fe 92 9e f2 1e f4 
f0 90 fe 92 f2 92 f2 00 
3c 00 3c 24 3c 24 3c 00 
1e 00 1e 12 1e 92 fe 00 
f0 90 f2 92 fc 92 f2 00 
7c 24 3c 24 3c 24 3c 00 
00 00 ff a9 af a9 af 00 
00 00 fe 92 9e 92 9e 00 
00 00 fe 92 9e 92 fe 00 
00 00 fe 92 f2 9e f0 a0 
00 00 fe 92 9e f2 1e 0a 
00 00 fe 92 f0 90 f0 00 
00 00 fe 80 fe 12 fe 00 
f0 90 fc 90 f0 92 fe 00 
00 00 9e 92 9e 92 fe 00 
00 00 f2 92 f4 98 f0 00 
00 00 af a9 af a9 ff 00 
00 00 9e 92 7c 92 9e 00 
00 00 9e 92 9e f2 1e f4 
00 00 fe 02 fe 90 fe 00 
7e 48 78 d0 78 48 7e 00 
3c 24 3c 24 3c 24 3c 00 
fc 24 3c 16 3c 24 fc 00 
66 ba ee 00 00 00 00 00 
3c 42 bd a9 bd 42 3c 00 
00 00 00 00 00 00 00 00
00 00 00 00 00 00 00 00
00 00 00 00 00 00 00 00
00 00 00 00 00 00 00 00
00 00 00 00 00 00 00 00
00 00 00 00 00 00 00 00
00 00 00 00 00 00 00 00
00 00 00 00 00 00 00 00
00 00 00 00 00 00 00 00
00 00 00 00 00 00 00 00
00 00 00 00 00 00 00 00
00 00 00 00 00 00 00 00
00 00 00 00 00 00 00 00
00 00 00 00 00 00 00 00
00 00 00 00 00 00 00 00
00 00 00 00 00 00 00 00
00 00 00 00 00 00 00 00
00 00 00 00 00 00 00 00
00 00 00 00 00 00 00 00
00 00 00 00 00 00 00 00
00 00 00 00 00 00 00 00
00 00 00 00 00 00 00 00
00 00 00 00 00 00 00 00
00 00 00 00 00 00 00 00
00 00 00 00 00 00 00 00
00 00 00 00 00 00 00 00
00 00 00 00 00 00 00 00
00 00 00 00 00 00 00 00
00 00 00 00 00 00 00 00
00 00 00 00 00 00 00 00
00 00 00 00 00 00 00 00
00 00 00 00 00 00 00 00
00 00 00 00 00 00 00 00
00 00 00 00 00 00 00 00
00 00 00 00 00 00 00 00
00 00 00 00 00 00 00 00
00 00 00 00 00 00 00 00
00 00 00 00 00 00 00 00
00 00 00 00 00 00 00 00
00 00 00 00 00 00 00 00
00 00 00 00 00 00 00 00
00 00 00 00 00 00 00 00
00 00 00 00 00 00 00 00
00 00 00 00 00 00 00 00
00 00 00 00 00 00 00 00
00 00 00 00 00 00 00 00
00 00 00 00 00 00 00 00
00 00 00 00 00 00 00 00
00 00 00 00 00 00 00 00
00 00 00 00 00 00 00 00
00 00 00 00 00 00 00 00
00 00 00 00 00 00 00 00
00 00 00 00 00 00 00 00
00 00 00 00 00 00 00 00
00 00 00 00 00 00 00 00
00 00 00 00 00 00 00 00
00 00 00 00 00 00 00 00
00 00 00 00 00 00 00 00
00 00 00 00 00 00 00 00
00 00 00 00 00 00 00 00
00 00 00 00 00 00 00 00
00 00 00 00 00 00 00 00
00 00 00 00 00 00 00 00
00 00 00 00 00 00 00 00
00 00 00 00 00 00 00 00
00 00 00 00 00 00 00 00
00 00 00 00 00 00 00 00
00 00 00 00 00 00 00 00
00 00 00 00 00 00 00 00
00 00 00 00 00 00 00 00
00 00 00 00 00 00 00 00
00 00 00 00 00 00 00 00
00 00 00 00 00 00 00 00
00 00 00 00 00 00 00 00
00 00 00 00 00 00 00 00
00 00 00 00 00 00 00 00
00 00 00 00 00 00 00 00
00 00 00 00 00 00 00 00
00 00 00 00 00 00 00 00
00 00 00 00 00 00 00 00
00 00 00 00 00 00 00 00
00 00 00 00 00 00 00 00
00 00 00 00 00 00 00 00
00 00 00 00 00 00 00 00
00 00 00 00 00 00 00 00
00 00 00 00 00 00 00 00
00 00 00 00 00 00 00 00
00 00 00 00 00 00 00 00
00 00 00 00 00 00 00 00
00 00 00 00 00 00 00 00
00 00 00 00 00 00 00 00
00 00 00 00 00 00 00 00
00 00 00 00 00 00 00 00
00 00 00 00 00 00 00 00
00 00 00 00 00 00 00 00
00 00 00 00 00 00 00 00
00 00 00 00 00 00 00 00
00 00 00 00 00 00 00 00
00 00 00 00 00 00 00 00
00 00 00 00 00 00 00 00
00 00 00 00 00 00 00 00
00 00 00 00 00 00 00 00
00 00 00 00 00 00 00 00
00 00 00 00 00 00 00 00
00 00 00 00 00 00 00 00
00 00 00 00 00 00 00 00
00 00 00 00 00 00 00 00
00 00 00 00 00 00 00 00
00 00 00 00 00 00 00 00
00 00 00 00 00 00 00 00
00 00 00 00 00 00 00 00
00 00 00 00 00 00 00 00
00 00 00 00 00 00 00 00
00 00 00 00 00 00 00 00
00 00 00 00 00 00 00 00
00 00 00 00 00 00 00 00
00 00 00 00 00 00 00 00
00 00 00 00 00 00 00 00
00 00 00 00 00 00 00 00
00 00 00 00 00 00 00 00
00 00 00 00 00 00 00 00
00 00 00 00 00 00 00 00
00 00 00 00 00 00 00 00
00 00 00 00 00 00 00 00
00 00 00 00 00 00 00 00
00 00 00 00 00 00 00 00
00 00 00 00 00 00 00 00
00 00 00 00 00 00 00 00
