42 4d 46 00 08 08 00 01
00 00 00 00 00 00 00 00
00 00 00 00 00 00 00 00
00 00 00 00 00 00 00 00
00 00 00 00 00 00 00 00
00 00 00 00 00 00 00 00
00 00 00 00 00 00 00 00
00 00 00 00 00 00 00 00
00 00 00 00 00 00 00 00
00 00 00 00 00 00 00 00
00 00 00 00 00 00 00 00
00 00 00 00 00 00 00 00
00 00 00 00 00 00 00 00
00 00 00 00 00 00 00 00
00 00 00 00 00 00 00 00
00 00 00 00 00 00 00 00
00 00 00 00 00 00 00 00
00 00 00 00 00 00 00 00
00 00 00 00 00 00 00 00
00 00 00 00 00 00 00 00
00 00 00 00 00 00 00 00
00 00 00 00 00 00 00 00
00 00 00 00 00 00 00 00
00 00 00 00 00 00 00 00
00 00 00 00 00 00 00 00
00 00 00 00 00 00 00 00
00 00 00 00 00 00 00 00
00 00 00 00 00 00 00 00
00 00 00 00 00 00 00 00
00 00 00 00 00 00 00 00
00 00 00 00 00 00 00 00
00 00 00 00 00 00 00 00
00 00 00 00 00 00 00 00
00 00 00 00 00 00 00 00 
38 18 28 30 00 38 38 00 
ee aa 66 cc 00 00 00 00 
00 24 be 4c 6c f6 48 00 
00 18 fe c0 fa 06 ee 18 
00 e6 ec 18 30 6e ce 00 
fe 66 a0 56 ec ec fe 00 
38 28 18 30 00 00 00 00 
1e 38 30 50 60 30 38 1e 
78 1c 0c 0a 06 0c 1c 78 
00 18 5e 2c 76 18 00 00 
00 38 18 ee 30 38 00 00 
00 00 00 00 38 28 18 30 
00 00 00 7e 00 00 00 00 
00 00 00 00 10 28 38 00 
00 05 0a 14 38 70 e0 00 
fe cc da e6 ce ce fe 00 
38 70 28 18 38 38 7c 00 
fe cc 0a f6 c0 ce fe 00 
fe 0c 0a 76 0e 0e fe 00 
ce cc ca f6 0e 0e 0e 00 
fe ce c0 f6 0a cc fe 00 
fe 60 be c6 e6 e6 fe 00 
fe 0c 0a 06 0e 0e 0e 00 
fe cc ca 74 ce ce fe 00 
fe cc ca f6 0e ce fe 00 
10 28 38 00 10 28 38 00 
10 28 38 00 38 28 18 30 
0a 14 28 70 38 1c 0e 00 
00 00 7e 00 7e 7e 00 00 
50 28 14 0e 1c 38 70 00 
fe cc 0a 36 00 38 38 00 
fe 66 ae d6 ee e0 fe 00 
fe cc ca f6 ce ce ce 00 
fe 66 a6 dc e6 e6 fe 00 
fe 66 a6 c0 e6 e6 fe 00 
fe 66 a6 c6 e6 ec f8 00 
fe 60 a0 dc e0 e0 fe 00 
fe 60 a0 dc e0 e0 e0 00 
fe 66 a0 ce e6 e6 fe 00 
e6 66 a6 de e6 e6 e6 00 
38 18 28 30 38 38 38 00 
0e 0c 0a 06 ce ce fe 00 
e6 66 ac d8 ec e6 e6 00 
e0 60 a0 c0 e0 e0 fe 00 
fe ac aa a6 ae ae ae 00 
fe cc ca c6 ce ce ce 00 
fe cc ca c6 ce ce fe 00 
fe 66 a6 de e0 e0 e0 00 
fe 66 a6 c6 e6 e6 fc 1e 
fe 66 a6 dc e6 e6 e6 00 
fe c6 c0 f6 0a cc fe 00 
fe 18 28 30 38 38 38 00 
ce c6 ca cc ce ce fe 00 
e6 66 a6 c6 ec f8 f0 00 
ae ac aa a6 ae ae fe 00 
ce cc ca 74 ce ce ce 00 
ce cc ca f6 0e ce fe 00 
fc ca 14 38 70 e6 fe 00 
7e 30 50 60 70 70 70 7e 
00 a0 50 28 1c 0e 07 00 
7e 06 0a 0c 0e 0e 0e 7e 
10 38 7c fe 18 28 30 38 
00 00 00 00 00 00 00 ff 
7e 66 50 bc 70 76 fe 00 
00 00 fe 0c fa c6 fe 00 
e0 60 be c6 e6 e6 fe 00 
00 00 fe c6 a0 66 fe 00 
0e 0c fa c6 ce ce fe 00 
00 00 fe 66 be c0 fe 00 
7e 36 50 6c 70 70 70 00 
00 00 fe cc ca f6 0e fe 
e0 60 be c6 e6 e6 e6 00 
38 30 08 18 38 38 38 00 
0e 0e 00 0e 0c 0a c6 fe 
e0 60 a6 c6 fc e6 e6 00 
3c 0c 14 18 1c 1c 1c 00 
00 00 fe ac aa a6 ae 00 
00 00 fe cc ca c6 ce 00 
00 00 fe cc ca c6 fe 00 
00 00 fe 66 a6 de e0 e0 
00 00 fe cc ca f6 0e 0e 
00 00 fe 66 a0 c0 e0 00 
00 00 fe c0 fe 0e fe 00 
e0 60 bc c0 e0 e6 fe 00 
00 00 ce cc ca c6 fe 00 
00 00 e6 66 ac d8 f0 00 
00 00 ae ac aa a6 fe 00 
00 00 ce ce 7c ce ce 00 
00 00 ce cc ca f6 0e fe 
00 00 fe 06 fe e0 fe 00 
3e 18 28 f0 38 38 3e 00 
38 18 28 30 38 38 38 00 
f8 18 28 16 38 38 f8 00 
70 ba 1c 00 00 00 00 00 
3c 42 bd b1 b1 bd 42 3c 
00 00 00 00 00 00 00 00
00 00 00 00 00 00 00 00
00 00 00 00 00 00 00 00
00 00 00 00 00 00 00 00
00 00 00 00 00 00 00 00
00 00 00 00 00 00 00 00
00 00 00 00 00 00 00 00
00 00 00 00 00 00 00 00
00 00 00 00 00 00 00 00
00 00 00 00 00 00 00 00
00 00 00 00 00 00 00 00
00 00 00 00 00 00 00 00
00 00 00 00 00 00 00 00
00 00 00 00 00 00 00 00
00 00 00 00 00 00 00 00
00 00 00 00 00 00 00 00
00 00 00 00 00 00 00 00
00 00 00 00 00 00 00 00
00 00 00 00 00 00 00 00
00 00 00 00 00 00 00 00
00 00 00 00 00 00 00 00
00 00 00 00 00 00 00 00
00 00 00 00 00 00 00 00
00 00 00 00 00 00 00 00
00 00 00 00 00 00 00 00
00 00 00 00 00 00 00 00
00 00 00 00 00 00 00 00
00 00 00 00 00 00 00 00
00 00 00 00 00 00 00 00
00 00 00 00 00 00 00 00
00 00 00 00 00 00 00 00
00 00 00 00 00 00 00 00
00 00 00 00 00 00 00 00
00 00 00 00 00 00 00 00
00 00 00 00 00 00 00 00
00 00 00 00 00 00 00 00
00 00 00 00 00 00 00 00
00 00 00 00 00 00 00 00
00 00 00 00 00 00 00 00
00 00 00 00 00 00 00 00
00 00 00 00 00 00 00 00
00 00 00 00 00 00 00 00
00 00 00 00 00 00 00 00
00 00 00 00 00 00 00 00
00 00 00 00 00 00 00 00
00 00 00 00 00 00 00 00
00 00 00 00 00 00 00 00
00 00 00 00 00 00 00 00
00 00 00 00 00 00 00 00
00 00 00 00 00 00 00 00
00 00 00 00 00 00 00 00
00 00 00 00 00 00 00 00
00 00 00 00 00 00 00 00
00 00 00 00 00 00 00 00
00 00 00 00 00 00 00 00
00 00 00 00 00 00 00 00
00 00 00 00 00 00 00 00
00 00 00 00 00 00 00 00
00 00 00 00 00 00 00 00
00 00 00 00 00 00 00 00
00 00 00 00 00 00 00 00
00 00 00 00 00 00 00 00
00 00 00 00 00 00 00 00
00 00 00 00 00 00 00 00
00 00 00 00 00 00 00 00
00 00 00 00 00 00 00 00
00 00 00 00 00 00 00 00
00 00 00 00 00 00 00 00
00 00 00 00 00 00 00 00
00 00 00 00 00 00 00 00
00 00 00 00 00 00 00 00
00 00 00 00 00 00 00 00
00 00 00 00 00 00 00 00
00 00 00 00 00 00 00 00
00 00 00 00 00 00 00 00
00 00 00 00 00 00 00 00
00 00 00 00 00 00 00 00
00 00 00 00 00 00 00 00
00 00 00 00 00 00 00 00
00 00 00 00 00 00 00 00
00 00 00 00 00 00 00 00
00 00 00 00 00 00 00 00
00 00 00 00 00 00 00 00
00 00 00 00 00 00 00 00
00 00 00 00 00 00 00 00
00 00 00 00 00 00 00 00
00 00 00 00 00 00 00 00
00 00 00 00 00 00 00 00
00 00 00 00 00 00 00 00
00 00 00 00 00 00 00 00
00 00 00 00 00 00 00 00
00 00 00 00 00 00 00 00
00 00 00 00 00 00 00 00
00 00 00 00 00 00 00 00
00 00 00 00 00 00 00 00
00 00 00 00 00 00 00 00
00 00 00 00 00 00 00 00
00 00 00 00 00 00 00 00
00 00 00 00 00 00 00 00
00 00 00 00 00 00 00 00
00 00 00 00 00 00 00 00
00 00 00 00 00 00 00 00
00 00 00 00 00 00 00 00
00 00 00 00 00 00 00 00
00 00 00 00 00 00 00 00
00 00 00 00 00 00 00 00
00 00 00 00 00 00 00 00
00 00 00 00 00 00 00 00
00 00 00 00 00 00 00 00
00 00 00 00 00 00 00 00
00 00 00 00 00 00 00 00
00 00 00 00 00 00 00 00
00 00 00 00 00 00 00 00
00 00 00 00 00 00 00 00
00 00 00 00 00 00 00 00
00 00 00 00 00 00 00 00
00 00 00 00 00 00 00 00
00 00 00 00 00 00 00 00
00 00 00 00 00 00 00 00
00 00 00 00 00 00 00 00
00 00 00 00 00 00 00 00
00 00 00 00 00 00 00 00
00 00 00 00 00 00 00 00
00 00 00 00 00 00 00 00
00 00 00 00 00 00 00 00
00 00 00 00 00 00 00 00
00 00 00 00 00 00 00 00
00 00 00 00 00 00 00 00
