42 4d 46 00 08 08 00 01
00 00 00 00 00 00 00 00
00 00 00 00 00 00 00 00
00 00 00 00 00 00 00 00
00 00 00 00 00 00 00 00
00 00 00 00 00 00 00 00
00 00 00 00 00 00 00 00
00 00 00 00 00 00 00 00
00 00 00 00 00 00 00 00
00 00 00 00 00 00 00 00
00 00 00 00 00 00 00 00
00 00 00 00 00 00 00 00
00 00 00 00 00 00 00 00
00 00 00 00 00 00 00 00
00 00 00 00 00 00 00 00
00 00 00 00 00 00 00 00
00 00 00 00 00 00 00 00
00 00 00 00 00 00 00 00
00 00 00 00 00 00 00 00
00 00 00 00 00 00 00 00
00 00 00 00 00 00 00 00
00 00 00 00 00 00 00 00
00 00 00 00 00 00 00 00
00 00 00 00 00 00 00 00
00 00 00 00 00 00 00 00
00 00 00 00 00 00 00 00
00 00 00 00 00 00 00 00
00 00 00 00 00 00 00 00
00 00 00 00 00 00 00 00
00 00 00 00 00 00 00 00
00 00 00 00 00 00 00 00
00 00 00 00 00 00 00 00
00 00 00 00 00 00 00 00
00 00 00 00 00 00 00 00 
30 30 30 30 30 00 30 00 
36 6c 00 00 00 00 00 00 
6c 7c 6c 6c 7c 6c 00 00 
18 38 64 30 18 4c 38 30 
00 6c 6c 18 30 6c 6c 00 
1c 30 68 3c 68 68 3c 00 
30 60 00 00 00 00 00 00 
18 30 60 60 60 30 18 00 
60 30 18 18 18 30 60 00 
00 28 38 7c 38 28 00 00 
00 18 18 7e 18 18 00 00 
00 00 00 00 00 00 30 60 
00 00 00 7c 00 00 00 00 
00 00 00 00 00 60 60 00 
0c 18 18 30 30 60 60 00 
38 6c 6c 6c 6c 6c 38 00 
30 70 30 30 30 30 78 00 
38 6c 6c 18 30 6c 7c 00 
7c 0c 38 18 6c 6c 38 00 
0c 2c 6c 6c 7c 0c 0c 00 
7c 60 78 0c 6c 6c 38 00 
38 6c 60 70 68 6c 38 00 
3c 6c 4c 18 18 30 30 00 
18 2c 6c 38 6c 68 30 00 
18 2c 6c 3c 0c 18 30 00 
00 00 30 30 00 30 30 00 
00 00 30 30 00 30 30 60 
00 18 30 60 30 18 00 00 
00 00 78 00 78 00 00 00 
00 60 30 18 30 60 00 00 
18 2c 6c 0c 38 00 30 00 
18 34 6c 74 7c 60 3c 00 
18 2c 6c 7c 6c 6c 6c 00 
68 7c 6c 78 6c 6c 78 00 
18 2c 6c 60 6c 6c 38 00 
68 7c 6c 6c 6c 68 70 00 
6c 7c 60 78 60 60 7c 00 
6c 7c 60 78 60 60 60 00 
18 2c 60 6c 6c 6c 34 00 
6c 6c 6c 7c 6c 6c 6c 00 
38 70 30 30 30 30 78 00 
1c 0c 0c 6c 6c 68 30 00 
6c 6c 68 70 68 6c 6c 00 
60 60 60 60 60 64 7c 00 
6c 7e 6a 6a 6a 6a 6a 00 
68 74 6c 6c 6c 6c 6c 00 
18 2c 6c 6c 6c 6c 38 00 
68 7c 6c 68 70 60 60 00 
18 2c 6c 6c 6c 78 2c 0c 
68 7c 6c 68 78 6c 6c 00 
38 6c 30 18 6c 6c 38 00 
78 30 30 30 30 30 30 00 
6c 6c 6c 6c 6c 2c 14 00 
6c 6c 6c 6c 6c 68 30 00 
66 66 66 66 7e 66 42 00 
6c 6c 68 38 2c 6c 6c 00 
6c 6c 6c 2c 1c 6c 38 00 
7c 6c 18 30 60 6c 7c 00 
78 60 60 60 60 60 78 00 
60 30 30 18 18 0c 0c 00 
78 18 18 18 18 18 78 00 
18 3c 5a 18 18 18 18 00 
00 00 00 00 00 00 00 f8 
1c 34 60 78 60 6c 7c 00 
00 00 3c 6c 6c 6c 34 00 
60 60 68 7c 6c 6c 78 00 
00 00 1c 2c 60 60 3c 00 
0c 0c 2c 7c 6c 6c 3c 00 
00 00 18 2c 6c 70 3c 00 
18 2c 30 78 30 30 30 30 
00 00 2c 7c 6c 3c cc 78 
60 60 68 7c 6c 6c 6c 00 
18 00 38 18 18 18 18 00 
0c 00 1c 0c 0c 0c 34 18 
60 60 6c 78 70 78 6c 00 
38 18 18 18 18 18 18 00 
00 00 74 7e 6a 6a 6a 00 
00 00 68 7c 6c 6c 6c 00 
00 00 18 2c 6c 6c 38 00 
00 00 68 7c 6c 6c 78 60 
00 00 2c 7c 6c 6c 3c 0c 
00 00 68 7c 6c 60 60 00 
00 00 3c 6c 30 1c 78 00 
18 18 3c 18 18 18 18 00 
00 00 6c 6c 6c 7c 2c 00 
00 00 66 66 3c 3c 18 00 
00 00 62 6a 7e 3c 34 00 
00 00 36 3c 18 3c 6c 00 
00 00 6c 6c 3c 1c 6c 38 
00 00 78 18 30 60 78 00 
18 30 30 60 30 30 18 00 
18 18 18 18 18 18 18 00 
60 30 30 18 30 30 60 00 
00 28 50 00 00 00 00 00 
7c 82 9a b2 b2 9a 82 7c 
00 00 00 00 00 00 00 00
00 00 00 00 00 00 00 00
00 00 00 00 00 00 00 00
00 00 00 00 00 00 00 00
00 00 00 00 00 00 00 00
00 00 00 00 00 00 00 00
00 00 00 00 00 00 00 00
00 00 00 00 00 00 00 00
00 00 00 00 00 00 00 00
00 00 00 00 00 00 00 00
00 00 00 00 00 00 00 00
00 00 00 00 00 00 00 00
00 00 00 00 00 00 00 00
00 00 00 00 00 00 00 00
00 00 00 00 00 00 00 00
00 00 00 00 00 00 00 00
00 00 00 00 00 00 00 00
00 00 00 00 00 00 00 00
00 00 00 00 00 00 00 00
00 00 00 00 00 00 00 00
00 00 00 00 00 00 00 00
00 00 00 00 00 00 00 00
00 00 00 00 00 00 00 00
00 00 00 00 00 00 00 00
00 00 00 00 00 00 00 00
00 00 00 00 00 00 00 00
00 00 00 00 00 00 00 00
00 00 00 00 00 00 00 00
00 00 00 00 00 00 00 00
00 00 00 00 00 00 00 00
00 00 00 00 00 00 00 00
00 00 00 00 00 00 00 00
00 00 00 00 00 00 00 00
00 00 00 00 00 00 00 00
00 00 00 00 00 00 00 00
00 00 00 00 00 00 00 00
00 00 00 00 00 00 00 00
00 00 00 00 00 00 00 00
00 00 00 00 00 00 00 00
00 00 00 00 00 00 00 00
00 00 00 00 00 00 00 00
00 00 00 00 00 00 00 00
00 00 00 00 00 00 00 00
00 00 00 00 00 00 00 00
00 00 00 00 00 00 00 00
00 00 00 00 00 00 00 00
00 00 00 00 00 00 00 00
00 00 00 00 00 00 00 00
00 00 00 00 00 00 00 00
00 00 00 00 00 00 00 00
00 00 00 00 00 00 00 00
00 00 00 00 00 00 00 00
00 00 00 00 00 00 00 00
00 00 00 00 00 00 00 00
00 00 00 00 00 00 00 00
00 00 00 00 00 00 00 00
00 00 00 00 00 00 00 00
00 00 00 00 00 00 00 00
00 00 00 00 00 00 00 00
00 00 00 00 00 00 00 00
00 00 00 00 00 00 00 00
00 00 00 00 00 00 00 00
00 00 00 00 00 00 00 00
00 00 00 00 00 00 00 00
00 00 00 00 00 00 00 00
00 00 00 00 00 00 00 00
00 00 00 00 00 00 00 00
00 00 00 00 00 00 00 00
00 00 00 00 00 00 00 00
00 00 00 00 00 00 00 00
00 00 00 00 00 00 00 00
00 00 00 00 00 00 00 00
00 00 00 00 00 00 00 00
00 00 00 00 00 00 00 00
00 00 00 00 00 00 00 00
00 00 00 00 00 00 00 00
00 00 00 00 00 00 00 00
00 00 00 00 00 00 00 00
00 00 00 00 00 00 00 00
00 00 00 00 00 00 00 00
00 00 00 00 00 00 00 00
00 00 00 00 00 00 00 00
00 00 00 00 00 00 00 00
00 00 00 00 00 00 00 00
00 00 00 00 00 00 00 00
00 00 00 00 00 00 00 00
00 00 00 00 00 00 00 00
00 00 00 00 00 00 00 00
00 00 00 00 00 00 00 00
00 00 00 00 00 00 00 00
00 00 00 00 00 00 00 00
00 00 00 00 00 00 00 00
00 00 00 00 00 00 00 00
00 00 00 00 00 00 00 00
00 00 00 00 00 00 00 00
00 00 00 00 00 00 00 00
00 00 00 00 00 00 00 00
00 00 00 00 00 00 00 00
00 00 00 00 00 00 00 00
00 00 00 00 00 00 00 00
00 00 00 00 00 00 00 00
00 00 00 00 00 00 00 00
00 00 00 00 00 00 00 00
00 00 00 00 00 00 00 00
00 00 00 00 00 00 00 00
00 00 00 00 00 00 00 00
00 00 00 00 00 00 00 00
00 00 00 00 00 00 00 00
00 00 00 00 00 00 00 00
00 00 00 00 00 00 00 00
00 00 00 00 00 00 00 00
00 00 00 00 00 00 00 00
00 00 00 00 00 00 00 00
00 00 00 00 00 00 00 00
00 00 00 00 00 00 00 00
00 00 00 00 00 00 00 00
00 00 00 00 00 00 00 00
00 00 00 00 00 00 00 00
00 00 00 00 00 00 00 00
00 00 00 00 00 00 00 00
00 00 00 00 00 00 00 00
00 00 00 00 00 00 00 00
00 00 00 00 00 00 00 00
00 00 00 00 00 00 00 00
00 00 00 00 00 00 00 00
00 00 00 00 00 00 00 00
00 00 00 00 00 00 00 00
00 00 00 00 00 00 00 00
