42 4d 46 00 08 08 00 01
00 00 00 00 00 00 00 00
00 00 00 00 00 00 00 00
00 00 00 00 00 00 00 00
00 00 00 00 00 00 00 00
00 00 00 00 00 00 00 00
00 00 00 00 00 00 00 00
00 00 00 00 00 00 00 00
00 00 00 00 00 00 00 00
00 00 00 00 00 00 00 00
00 00 00 00 00 00 00 00
00 00 00 00 00 00 00 00
00 00 00 00 00 00 00 00
00 00 00 00 00 00 00 00
00 00 00 00 00 00 00 00
00 00 00 00 00 00 00 00
00 00 00 00 00 00 00 00
00 00 00 00 00 00 00 00
00 00 00 00 00 00 00 00
00 00 00 00 00 00 00 00
00 00 00 00 00 00 00 00
00 00 00 00 00 00 00 00
00 00 00 00 00 00 00 00
00 00 00 00 00 00 00 00
00 00 00 00 00 00 00 00
00 00 00 00 00 00 00 00
00 00 00 00 00 00 00 00
00 00 00 00 00 00 00 00
00 00 00 00 00 00 00 00
00 00 00 00 00 00 00 00
00 00 00 00 00 00 00 00
00 00 00 00 00 00 00 00
00 00 00 00 00 00 00 00
00 00 00 00 00 00 00 00 
20 20 20 20 20 00 20 00 
50 50 00 00 00 00 00 00 
48 78 48 48 78 48 00 00 
10 30 48 20 10 48 30 20 
00 48 48 10 20 48 48 00 
18 20 50 38 50 50 38 00 
20 40 00 00 00 00 00 00 
10 20 40 40 40 20 10 00 
40 20 10 10 10 20 40 00 
00 28 10 7c 10 28 00 00 
00 10 10 7c 10 10 00 00 
00 00 00 00 00 00 20 40 
00 00 00 78 00 00 00 00 
00 00 00 00 00 40 40 00 
08 10 10 20 20 40 40 00 
30 48 48 48 48 48 30 00 
20 60 20 20 20 20 70 00 
30 48 48 10 20 48 78 00 
78 08 30 10 48 48 30 00 
08 28 48 78 08 08 08 00 
78 40 70 08 48 48 30 00 
30 48 48 60 50 48 30 00 
38 48 48 10 10 20 20 00 
10 28 48 30 48 50 20 00 
10 28 48 38 08 10 20 00 
00 00 20 20 00 20 20 00 
00 00 20 20 00 20 20 40 
00 10 20 40 20 10 00 00 
00 00 78 00 78 00 00 00 
00 40 20 10 20 40 00 00 
10 28 48 08 30 00 20 00 
10 28 58 68 78 40 38 00 
10 28 48 58 68 48 48 00 
50 68 50 68 48 50 60 00 
10 28 48 40 48 48 30 00 
50 68 48 48 48 50 60 00 
58 68 40 70 40 40 78 00 
58 68 40 70 40 40 40 00 
10 28 40 58 48 58 28 00 
48 48 58 68 48 48 48 00 
30 60 20 20 20 20 70 00 
18 08 08 48 48 50 20 00 
48 50 50 60 50 48 48 00 
40 40 40 40 40 48 78 00 
58 74 54 54 54 54 54 00 
50 68 48 48 48 48 48 00 
10 28 48 48 48 48 30 00 
50 68 48 50 60 40 40 00 
10 28 48 48 48 50 28 08 
50 68 48 50 70 48 48 00 
30 48 20 10 48 48 30 00 
7c 10 10 10 10 10 10 00 
48 48 48 48 48 58 28 00 
48 48 48 48 48 50 20 00 
44 44 44 54 54 6c 44 00 
24 24 28 10 28 48 48 00 
48 48 48 28 10 10 50 20 
78 08 10 20 40 48 78 00 
70 40 40 40 40 40 70 00 
40 20 20 10 10 08 08 00 
70 10 10 10 10 10 70 00 
10 38 54 10 10 10 10 00 
00 00 00 00 00 00 00 f8 
18 28 40 70 40 48 78 00 
00 00 28 58 48 58 28 00 
40 40 50 68 48 68 50 00 
00 00 18 28 40 40 38 00 
08 08 28 58 48 58 28 00 
00 00 10 28 50 60 38 00 
10 28 20 70 20 20 20 20 
00 00 28 58 28 18 48 30 
40 40 50 68 48 48 48 00 
10 00 30 10 10 10 10 00 
08 00 18 08 08 08 28 30 
40 40 48 50 60 50 48 00 
30 10 10 10 10 10 10 00 
00 00 68 54 54 54 54 00 
00 00 50 68 48 48 48 00 
00 00 10 28 48 48 30 00 
00 00 50 68 48 68 50 40 
00 00 28 58 48 58 28 08 
00 00 50 68 48 40 40 00 
00 00 38 40 30 08 70 00 
10 10 38 10 10 10 10 00 
00 00 48 48 48 58 28 00 
00 00 44 28 28 10 10 00 
00 00 44 54 54 28 28 00 
00 00 24 28 10 28 48 00 
00 00 48 48 28 10 50 20 
00 00 70 10 20 40 70 00 
10 20 20 40 20 20 10 00 
20 20 20 20 20 20 20 00 
40 20 20 10 20 20 40 00 
00 28 50 00 00 00 00 00 
78 84 94 a4 a4 94 84 78 
00 00 00 00 00 00 00 00
00 00 00 00 00 00 00 00
00 00 00 00 00 00 00 00
00 00 00 00 00 00 00 00
00 00 00 00 00 00 00 00
00 00 00 00 00 00 00 00
00 00 00 00 00 00 00 00
00 00 00 00 00 00 00 00
00 00 00 00 00 00 00 00
00 00 00 00 00 00 00 00
00 00 00 00 00 00 00 00
00 00 00 00 00 00 00 00
00 00 00 00 00 00 00 00
00 00 00 00 00 00 00 00
00 00 00 00 00 00 00 00
00 00 00 00 00 00 00 00
00 00 00 00 00 00 00 00
00 00 00 00 00 00 00 00
00 00 00 00 00 00 00 00
00 00 00 00 00 00 00 00
00 00 00 00 00 00 00 00
00 00 00 00 00 00 00 00
00 00 00 00 00 00 00 00
00 00 00 00 00 00 00 00
00 00 00 00 00 00 00 00
00 00 00 00 00 00 00 00
00 00 00 00 00 00 00 00
00 00 00 00 00 00 00 00
00 00 00 00 00 00 00 00
00 00 00 00 00 00 00 00
00 00 00 00 00 00 00 00
00 00 00 00 00 00 00 00
00 00 00 00 00 00 00 00
00 00 00 00 00 00 00 00
00 00 00 00 00 00 00 00
00 00 00 00 00 00 00 00
00 00 00 00 00 00 00 00
00 00 00 00 00 00 00 00
00 00 00 00 00 00 00 00
00 00 00 00 00 00 00 00
00 00 00 00 00 00 00 00
00 00 00 00 00 00 00 00
00 00 00 00 00 00 00 00
00 00 00 00 00 00 00 00
00 00 00 00 00 00 00 00
00 00 00 00 00 00 00 00
00 00 00 00 00 00 00 00
00 00 00 00 00 00 00 00
00 00 00 00 00 00 00 00
00 00 00 00 00 00 00 00
00 00 00 00 00 00 00 00
00 00 00 00 00 00 00 00
00 00 00 00 00 00 00 00
00 00 00 00 00 00 00 00
00 00 00 00 00 00 00 00
00 00 00 00 00 00 00 00
00 00 00 00 00 00 00 00
00 00 00 00 00 00 00 00
00 00 00 00 00 00 00 00
00 00 00 00 00 00 00 00
00 00 00 00 00 00 00 00
00 00 00 00 00 00 00 00
00 00 00 00 00 00 00 00
00 00 00 00 00 00 00 00
00 00 00 00 00 00 00 00
00 00 00 00 00 00 00 00
00 00 00 00 00 00 00 00
00 00 00 00 00 00 00 00
00 00 00 00 00 00 00 00
00 00 00 00 00 00 00 00
00 00 00 00 00 00 00 00
00 00 00 00 00 00 00 00
00 00 00 00 00 00 00 00
00 00 00 00 00 00 00 00
00 00 00 00 00 00 00 00
00 00 00 00 00 00 00 00
00 00 00 00 00 00 00 00
00 00 00 00 00 00 00 00
00 00 00 00 00 00 00 00
00 00 00 00 00 00 00 00
00 00 00 00 00 00 00 00
00 00 00 00 00 00 00 00
00 00 00 00 00 00 00 00
00 00 00 00 00 00 00 00
00 00 00 00 00 00 00 00
00 00 00 00 00 00 00 00
00 00 00 00 00 00 00 00
00 00 00 00 00 00 00 00
00 00 00 00 00 00 00 00
00 00 00 00 00 00 00 00
00 00 00 00 00 00 00 00
00 00 00 00 00 00 00 00
00 00 00 00 00 00 00 00
00 00 00 00 00 00 00 00
00 00 00 00 00 00 00 00
00 00 00 00 00 00 00 00
00 00 00 00 00 00 00 00
00 00 00 00 00 00 00 00
00 00 00 00 00 00 00 00
00 00 00 00 00 00 00 00
00 00 00 00 00 00 00 00
00 00 00 00 00 00 00 00
00 00 00 00 00 00 00 00
00 00 00 00 00 00 00 00
00 00 00 00 00 00 00 00
00 00 00 00 00 00 00 00
00 00 00 00 00 00 00 00
00 00 00 00 00 00 00 00
00 00 00 00 00 00 00 00
00 00 00 00 00 00 00 00
00 00 00 00 00 00 00 00
00 00 00 00 00 00 00 00
00 00 00 00 00 00 00 00
00 00 00 00 00 00 00 00
00 00 00 00 00 00 00 00
00 00 00 00 00 00 00 00
00 00 00 00 00 00 00 00
00 00 00 00 00 00 00 00
00 00 00 00 00 00 00 00
00 00 00 00 00 00 00 00
00 00 00 00 00 00 00 00
00 00 00 00 00 00 00 00
00 00 00 00 00 00 00 00
00 00 00 00 00 00 00 00
00 00 00 00 00 00 00 00
00 00 00 00 00 00 00 00
00 00 00 00 00 00 00 00
00 00 00 00 00 00 00 00
