42 4d 46 00 08 08 00 01
00 00 00 00 00 00 00 00
00 00 00 00 00 00 00 00
00 00 00 00 00 00 00 00
00 00 00 00 00 00 00 00
00 00 00 00 00 00 00 00
00 00 00 00 00 00 00 00
00 00 00 00 00 00 00 00
00 00 00 00 00 00 00 00
00 00 00 00 00 00 00 00
00 00 00 00 00 00 00 00
00 00 00 00 00 00 00 00
00 00 00 00 00 00 00 00
00 00 00 00 00 00 00 00
00 00 00 00 00 00 00 00
00 00 00 00 00 00 00 00
00 00 00 00 00 00 00 00
00 00 00 00 00 00 00 00
00 00 00 00 00 00 00 00
00 00 00 00 00 00 00 00
00 00 00 00 00 00 00 00
00 00 00 00 00 00 00 00
00 00 00 00 00 00 00 00
00 00 00 00 00 00 00 00
00 00 00 00 00 00 00 00
00 00 00 00 00 00 00 00
00 00 00 00 00 00 00 00
00 00 00 00 00 00 00 00
00 00 00 00 00 00 00 00
00 00 00 00 00 00 00 00
00 00 00 00 00 00 00 00
00 00 00 00 00 00 00 00
00 00 00 00 00 00 00 00
00 00 00 00 00 00 00 00 
18 18 18 18 18 00 18 00 
2c 2c 2c 00 00 00 00 00 
00 2c 7e 2c 7e 2c 00 00 
04 3e 30 3c 0c 7c 20 00 
f2 b4 e8 10 2e 56 9e 00 
f0 d0 d0 64 dc c8 fe 00 
18 18 38 00 00 00 00 00 
08 18 30 30 30 18 08 00 
20 30 18 18 18 30 20 00 
00 10 10 7c 38 28 00 00 
00 18 18 7e 18 18 00 00 
00 00 00 00 00 18 18 38 
00 00 00 7c 00 00 00 00 
00 00 00 00 00 18 18 00 
02 06 0c 18 30 60 c0 00 
7e 62 62 62 62 62 7e 00 
38 18 18 18 18 18 18 00 
3e 26 06 7e 40 42 7e 00 
3e 26 06 1c 06 46 7e 00 
4c 4c 4c 7e 0c 0c 1e 00 
7c 44 40 7e 06 46 7e 00 
7c 64 60 7e 62 62 7e 00 
7e 46 06 1e 06 06 06 00 
7e 46 46 3c 46 46 7e 00 
7e 46 4e 76 06 0c 38 00 
00 18 18 00 00 18 18 00 
00 18 18 00 00 18 18 38 
0c 18 30 60 30 18 0c 00 
00 00 7c 00 7c 00 00 00 
60 30 18 0c 18 30 60 00 
7e 46 06 3e 20 00 30 00 
7e 62 6e 6a 6e 60 7c 00 
7e 46 46 7e 46 46 ef 00 
fe 46 46 5c 46 46 fe 00 
7a 66 60 60 60 62 7e 00 
fe 46 46 46 46 46 fe 00 
fe 62 60 7c 60 62 fe 00 
fe 62 60 7c 60 60 f8 00 
f4 cc c0 c0 ce c4 fc 00 
ee 64 64 7c 64 64 ee 00 
7e 18 18 18 18 18 7e 00 
3c 18 18 18 18 18 18 78 
f6 64 68 70 68 64 f6 00 
f0 60 60 60 60 64 fc 00 
ff 56 56 56 56 46 ef 00 
fc 4c 4c 4c 4c 4c de 00 
7e 46 46 46 46 46 7e 00 
fe 62 62 6e 60 60 f0 00 
fe c2 c2 c2 ca ca fe 04 
fe 62 62 7e 68 64 ee 00 
7a 46 40 7e 06 86 fe 00 
7e 5a 18 18 18 18 3c 00 
e7 46 46 46 46 46 7e 00 
ee 4c 4c 38 38 10 10 00 
e7 42 5a 5a 7e 7e 66 00 
e6 64 64 38 64 64 e6 00 
c7 46 46 7e 06 06 7e 00 
7e 46 0c 18 30 72 7e 00 
3c 30 30 30 30 30 3c 00 
80 c0 60 30 18 0c 06 00 
3c 0c 0c 0c 0c 0c 3c 00 
10 38 5c 8e 00 00 00 00 
00 00 00 00 00 00 00 ff 
7c 64 60 f8 60 62 fe 00 
00 00 3c 0c 7c 4c 7e 00 
e0 60 6e 72 62 62 7e 00 
00 00 7c 64 60 62 7e 00 
0e 06 7e 46 46 4e 77 00 
00 00 7e 62 7e 60 7e 00 
3c 34 30 7c 30 30 78 00 
00 00 7b 46 4e 76 06 7e 
e0 60 7c 64 64 64 f6 00 
18 00 38 18 18 18 1c 00 
0c 00 1c 0c 0c 0c 0c 3c 
e0 60 66 68 70 68 e6 00 
38 18 18 18 18 18 1c 00 
00 00 fe 56 56 56 d7 00 
00 00 fc 64 64 64 ee 00 
00 00 7e 46 46 46 7e 00 
00 00 fe 62 72 6e 60 f0 
00 00 7f 46 4e 76 06 0f 
00 00 6e 32 30 30 78 00 
00 00 7c 40 7e 06 7e 00 
30 30 7e 30 30 32 3e 00 
00 00 ce 46 46 4e 77 00 
00 00 ee 64 68 70 60 00 
00 00 ee 44 54 7c 6c 00 
00 00 e6 64 38 64 e6 00 
00 00 ee 4c 4c 7c 0c fc 
00 00 7e 4c 18 32 7e 00 
1e 18 18 70 18 18 1e 00 
18 18 18 18 18 18 18 00 
78 18 18 0e 18 18 78 00 
74 5c 00 00 00 00 00 00 
3c 42 bd b5 b1 bd 42 3c 
00 00 00 00 00 00 00 00
00 00 00 00 00 00 00 00
00 00 00 00 00 00 00 00
00 00 00 00 00 00 00 00
00 00 00 00 00 00 00 00
00 00 00 00 00 00 00 00
00 00 00 00 00 00 00 00
00 00 00 00 00 00 00 00
00 00 00 00 00 00 00 00
00 00 00 00 00 00 00 00
00 00 00 00 00 00 00 00
00 00 00 00 00 00 00 00
00 00 00 00 00 00 00 00
00 00 00 00 00 00 00 00
00 00 00 00 00 00 00 00
00 00 00 00 00 00 00 00
00 00 00 00 00 00 00 00
00 00 00 00 00 00 00 00
00 00 00 00 00 00 00 00
00 00 00 00 00 00 00 00
00 00 00 00 00 00 00 00
00 00 00 00 00 00 00 00
00 00 00 00 00 00 00 00
00 00 00 00 00 00 00 00
00 00 00 00 00 00 00 00
00 00 00 00 00 00 00 00
00 00 00 00 00 00 00 00
00 00 00 00 00 00 00 00
00 00 00 00 00 00 00 00
00 00 00 00 00 00 00 00
00 00 00 00 00 00 00 00
00 00 00 00 00 00 00 00
00 00 00 00 00 00 00 00
00 00 00 00 00 00 00 00
00 00 00 00 00 00 00 00
00 00 00 00 00 00 00 00
00 00 00 00 00 00 00 00
00 00 00 00 00 00 00 00
00 00 00 00 00 00 00 00
00 00 00 00 00 00 00 00
00 00 00 00 00 00 00 00
00 00 00 00 00 00 00 00
00 00 00 00 00 00 00 00
00 00 00 00 00 00 00 00
00 00 00 00 00 00 00 00
00 00 00 00 00 00 00 00
00 00 00 00 00 00 00 00
00 00 00 00 00 00 00 00
00 00 00 00 00 00 00 00
00 00 00 00 00 00 00 00
00 00 00 00 00 00 00 00
00 00 00 00 00 00 00 00
00 00 00 00 00 00 00 00
00 00 00 00 00 00 00 00
00 00 00 00 00 00 00 00
00 00 00 00 00 00 00 00
00 00 00 00 00 00 00 00
00 00 00 00 00 00 00 00
00 00 00 00 00 00 00 00
00 00 00 00 00 00 00 00
00 00 00 00 00 00 00 00
00 00 00 00 00 00 00 00
00 00 00 00 00 00 00 00
00 00 00 00 00 00 00 00
00 00 00 00 00 00 00 00
00 00 00 00 00 00 00 00
00 00 00 00 00 00 00 00
00 00 00 00 00 00 00 00
00 00 00 00 00 00 00 00
00 00 00 00 00 00 00 00
00 00 00 00 00 00 00 00
00 00 00 00 00 00 00 00
00 00 00 00 00 00 00 00
00 00 00 00 00 00 00 00
00 00 00 00 00 00 00 00
00 00 00 00 00 00 00 00
00 00 00 00 00 00 00 00
00 00 00 00 00 00 00 00
00 00 00 00 00 00 00 00
00 00 00 00 00 00 00 00
00 00 00 00 00 00 00 00
00 00 00 00 00 00 00 00
00 00 00 00 00 00 00 00
00 00 00 00 00 00 00 00
00 00 00 00 00 00 00 00
00 00 00 00 00 00 00 00
00 00 00 00 00 00 00 00
00 00 00 00 00 00 00 00
00 00 00 00 00 00 00 00
00 00 00 00 00 00 00 00
00 00 00 00 00 00 00 00
00 00 00 00 00 00 00 00
00 00 00 00 00 00 00 00
00 00 00 00 00 00 00 00
00 00 00 00 00 00 00 00
00 00 00 00 00 00 00 00
00 00 00 00 00 00 00 00
00 00 00 00 00 00 00 00
00 00 00 00 00 00 00 00
00 00 00 00 00 00 00 00
00 00 00 00 00 00 00 00
00 00 00 00 00 00 00 00
00 00 00 00 00 00 00 00
00 00 00 00 00 00 00 00
00 00 00 00 00 00 00 00
00 00 00 00 00 00 00 00
00 00 00 00 00 00 00 00
00 00 00 00 00 00 00 00
00 00 00 00 00 00 00 00
00 00 00 00 00 00 00 00
00 00 00 00 00 00 00 00
00 00 00 00 00 00 00 00
00 00 00 00 00 00 00 00
00 00 00 00 00 00 00 00
00 00 00 00 00 00 00 00
00 00 00 00 00 00 00 00
00 00 00 00 00 00 00 00
00 00 00 00 00 00 00 00
00 00 00 00 00 00 00 00
00 00 00 00 00 00 00 00
00 00 00 00 00 00 00 00
00 00 00 00 00 00 00 00
00 00 00 00 00 00 00 00
00 00 00 00 00 00 00 00
00 00 00 00 00 00 00 00
00 00 00 00 00 00 00 00
00 00 00 00 00 00 00 00
00 00 00 00 00 00 00 00
