42 4d 46 00 08 08 00 01
00 00 00 00 00 00 00 00
00 00 00 00 00 00 00 00
00 00 00 00 00 00 00 00
00 00 00 00 00 00 00 00
00 00 00 00 00 00 00 00
00 00 00 00 00 00 00 00
00 00 00 00 00 00 00 00
00 00 00 00 00 00 00 00
00 00 00 00 00 00 00 00
00 00 00 00 00 00 00 00
00 00 00 00 00 00 00 00
00 00 00 00 00 00 00 00
00 00 00 00 00 00 00 00
00 00 00 00 00 00 00 00
00 00 00 00 00 00 00 00
00 00 00 00 00 00 00 00
00 00 00 00 00 00 00 00
00 00 00 00 00 00 00 00
00 00 00 00 00 00 00 00
00 00 00 00 00 00 00 00
00 00 00 00 00 00 00 00
00 00 00 00 00 00 00 00
00 00 00 00 00 00 00 00
00 00 00 00 00 00 00 00
00 00 00 00 00 00 00 00
00 00 00 00 00 00 00 00
00 00 00 00 00 00 00 00
00 00 00 00 00 00 00 00
00 00 00 00 00 00 00 00
00 00 00 00 00 00 00 00
00 00 00 00 00 00 00 00
00 00 00 00 00 00 00 00
00 00 00 00 00 00 00 00 
10 10 10 10 10 00 10 00 
28 28 28 00 00 00 00 00 
00 28 7c 28 7c 28 00 00 
10 3c 50 38 14 78 10 00 
40 a4 a8 54 2a 4a 04 00 
38 40 40 3c 48 48 3c 00 
08 08 10 00 00 00 00 00 
08 10 10 10 10 10 08 00 
10 08 08 08 08 08 10 00 
00 10 7c 38 28 00 00 00 
00 10 10 7c 10 10 00 00 
00 00 00 00 00 08 08 10 
00 00 00 7c 00 00 00 00 
00 00 00 00 00 10 10 00 
04 04 08 10 20 40 40 00 
38 44 4c 54 64 44 38 00 
08 18 08 08 08 08 08 00 
38 44 04 08 10 20 7c 00 
38 44 04 18 04 44 38 00 
10 20 28 48 7c 08 08 00 
7c 40 40 78 04 44 38 00 
08 10 20 38 44 44 38 00 
7c 44 04 08 08 10 10 00 
38 44 44 38 44 44 38 00 
38 44 44 38 08 10 20 00 
00 10 10 00 00 10 10 00 
00 10 10 00 00 10 10 20 
04 08 10 20 10 08 04 00 
00 00 7c 00 7c 00 00 00 
20 10 08 04 08 10 20 00 
38 44 04 08 10 00 10 00 
3c 42 9e a2 a2 a6 5a 00 
10 10 28 28 44 44 44 00 
78 04 04 78 04 04 78 00 
1c 20 40 40 40 20 1c 00 
78 44 44 44 44 44 78 00 
7c 00 00 78 40 40 7c 00 
7c 00 00 78 40 40 40 00 
1c 20 40 4c 44 24 1c 00 
44 44 44 7c 44 44 44 00 
7c 10 10 10 10 10 7c 00 
04 04 04 04 04 04 78 00 
44 48 50 60 50 48 44 00 
40 40 40 40 40 40 7c 00 
c6 c6 aa aa aa 92 92 00 
64 64 54 54 54 4c 4c 00 
38 44 44 44 44 44 38 00 
78 04 04 78 40 40 40 00 
38 44 44 44 54 48 34 00 
78 04 04 78 50 48 44 00 
3c 40 40 38 04 04 78 00 
7c 10 10 10 10 10 10 00 
44 44 44 44 44 44 38 00 
44 44 44 28 28 10 10 00 
82 92 92 aa aa c6 c6 00 
44 44 28 10 28 44 44 00 
44 44 28 10 10 10 10 00 
7c 04 08 10 20 40 7c 00 
38 20 20 20 20 20 38 00 
40 40 20 10 08 04 04 00 
38 08 08 08 08 08 38 00 
10 38 54 10 10 10 10 00 
00 00 00 00 00 00 00 fc 
18 24 20 78 20 20 7c 00 
00 00 3c 44 44 44 3c 00 
40 40 78 44 44 44 78 00 
00 00 3c 40 40 40 3c 00 
04 04 3c 44 44 44 3c 00 
00 00 38 44 7c 40 3c 00 
0c 10 10 38 10 10 10 00 
00 00 3c 44 44 3c 04 38 
40 40 78 44 44 44 44 00 
10 00 10 10 10 10 10 00 
08 00 08 08 08 08 08 30 
20 20 24 28 30 28 24 00 
10 10 10 10 10 10 08 00 
00 00 ec 92 92 92 92 00 
00 00 78 44 44 44 44 00 
00 00 38 44 44 44 38 00 
00 00 78 44 44 78 40 40 
00 00 3c 44 44 3c 04 04 
00 00 5c 60 40 40 40 00 
00 00 3c 40 38 04 78 00 
10 10 38 10 10 10 08 00 
00 00 44 44 44 44 3c 00 
00 00 44 28 28 10 10 00 
00 00 82 54 54 28 28 00 
00 00 44 28 10 28 44 00 
00 00 44 28 28 10 10 60 
00 00 7c 08 10 20 7c 00 
0c 10 10 60 10 10 0c 00 
10 10 10 10 10 10 10 00 
60 10 10 0c 10 10 60 00 
24 58 00 00 00 00 00 00 
3c 42 99 a1 a1 99 42 3c 
00 00 00 00 00 00 00 00
00 00 00 00 00 00 00 00
00 00 00 00 00 00 00 00
00 00 00 00 00 00 00 00
00 00 00 00 00 00 00 00
00 00 00 00 00 00 00 00
00 00 00 00 00 00 00 00
00 00 00 00 00 00 00 00
00 00 00 00 00 00 00 00
00 00 00 00 00 00 00 00
00 00 00 00 00 00 00 00
00 00 00 00 00 00 00 00
00 00 00 00 00 00 00 00
00 00 00 00 00 00 00 00
00 00 00 00 00 00 00 00
00 00 00 00 00 00 00 00
00 00 00 00 00 00 00 00
00 00 00 00 00 00 00 00
00 00 00 00 00 00 00 00
00 00 00 00 00 00 00 00
00 00 00 00 00 00 00 00
00 00 00 00 00 00 00 00
00 00 00 00 00 00 00 00
00 00 00 00 00 00 00 00
00 00 00 00 00 00 00 00
00 00 00 00 00 00 00 00
00 00 00 00 00 00 00 00
00 00 00 00 00 00 00 00
00 00 00 00 00 00 00 00
00 00 00 00 00 00 00 00
00 00 00 00 00 00 00 00
00 00 00 00 00 00 00 00
00 00 00 00 00 00 00 00
00 00 00 00 00 00 00 00
00 00 00 00 00 00 00 00
00 00 00 00 00 00 00 00
00 00 00 00 00 00 00 00
00 00 00 00 00 00 00 00
00 00 00 00 00 00 00 00
00 00 00 00 00 00 00 00
00 00 00 00 00 00 00 00
00 00 00 00 00 00 00 00
00 00 00 00 00 00 00 00
00 00 00 00 00 00 00 00
00 00 00 00 00 00 00 00
00 00 00 00 00 00 00 00
00 00 00 00 00 00 00 00
00 00 00 00 00 00 00 00
00 00 00 00 00 00 00 00
00 00 00 00 00 00 00 00
00 00 00 00 00 00 00 00
00 00 00 00 00 00 00 00
00 00 00 00 00 00 00 00
00 00 00 00 00 00 00 00
00 00 00 00 00 00 00 00
00 00 00 00 00 00 00 00
00 00 00 00 00 00 00 00
00 00 00 00 00 00 00 00
00 00 00 00 00 00 00 00
00 00 00 00 00 00 00 00
00 00 00 00 00 00 00 00
00 00 00 00 00 00 00 00
00 00 00 00 00 00 00 00
00 00 00 00 00 00 00 00
00 00 00 00 00 00 00 00
00 00 00 00 00 00 00 00
00 00 00 00 00 00 00 00
00 00 00 00 00 00 00 00
00 00 00 00 00 00 00 00
00 00 00 00 00 00 00 00
00 00 00 00 00 00 00 00
00 00 00 00 00 00 00 00
00 00 00 00 00 00 00 00
00 00 00 00 00 00 00 00
00 00 00 00 00 00 00 00
00 00 00 00 00 00 00 00
00 00 00 00 00 00 00 00
00 00 00 00 00 00 00 00
00 00 00 00 00 00 00 00
00 00 00 00 00 00 00 00
00 00 00 00 00 00 00 00
00 00 00 00 00 00 00 00
00 00 00 00 00 00 00 00
00 00 00 00 00 00 00 00
00 00 00 00 00 00 00 00
00 00 00 00 00 00 00 00
00 00 00 00 00 00 00 00
00 00 00 00 00 00 00 00
00 00 00 00 00 00 00 00
00 00 00 00 00 00 00 00
00 00 00 00 00 00 00 00
00 00 00 00 00 00 00 00
00 00 00 00 00 00 00 00
00 00 00 00 00 00 00 00
00 00 00 00 00 00 00 00
00 00 00 00 00 00 00 00
00 00 00 00 00 00 00 00
00 00 00 00 00 00 00 00
00 00 00 00 00 00 00 00
00 00 00 00 00 00 00 00
00 00 00 00 00 00 00 00
00 00 00 00 00 00 00 00
00 00 00 00 00 00 00 00
00 00 00 00 00 00 00 00
00 00 00 00 00 00 00 00
00 00 00 00 00 00 00 00
00 00 00 00 00 00 00 00
00 00 00 00 00 00 00 00
00 00 00 00 00 00 00 00
00 00 00 00 00 00 00 00
00 00 00 00 00 00 00 00
00 00 00 00 00 00 00 00
00 00 00 00 00 00 00 00
00 00 00 00 00 00 00 00
00 00 00 00 00 00 00 00
00 00 00 00 00 00 00 00
00 00 00 00 00 00 00 00
00 00 00 00 00 00 00 00
00 00 00 00 00 00 00 00
00 00 00 00 00 00 00 00
00 00 00 00 00 00 00 00
00 00 00 00 00 00 00 00
00 00 00 00 00 00 00 00
00 00 00 00 00 00 00 00
00 00 00 00 00 00 00 00
00 00 00 00 00 00 00 00
00 00 00 00 00 00 00 00
00 00 00 00 00 00 00 00
