42 4d 46 00 08 08 00 01
00 00 00 00 00 00 00 00
00 00 00 00 00 00 00 00
00 00 00 00 00 00 00 00
00 00 00 00 00 00 00 00
00 00 00 00 00 00 00 00
00 00 00 00 00 00 00 00
00 00 00 00 00 00 00 00
00 00 00 00 00 00 00 00
00 00 00 00 00 00 00 00
00 00 00 00 00 00 00 00
00 00 00 00 00 00 00 00
00 00 00 00 00 00 00 00
00 00 00 00 00 00 00 00
00 00 00 00 00 00 00 00
00 00 00 00 00 00 00 00
00 00 00 00 00 00 00 00
00 00 00 00 00 00 00 00
00 00 00 00 00 00 00 00
00 00 00 00 00 00 00 00
00 00 00 00 00 00 00 00
00 00 00 00 00 00 00 00
00 00 00 00 00 00 00 00
00 00 00 00 00 00 00 00
00 00 00 00 00 00 00 00
00 00 00 00 00 00 00 00
00 00 00 00 00 00 00 00
00 00 00 00 00 00 00 00
00 00 00 00 00 00 00 00
00 00 00 00 00 00 00 00
00 00 00 00 00 00 00 00
00 00 00 00 00 00 00 00
00 00 00 00 00 00 00 00
00 00 00 00 00 00 00 00 
1c 18 18 18 00 18 18 00 
66 ee 44 88 00 00 00 00 
00 77 7f 36 6c fe 6c 00 
38 fe d0 fe 16 fc 10 00 
ec ac f8 30 7e 56 9c 00 
f8 60 cc 7e cc de 66 00 
18 38 10 20 00 00 00 00 
3e 18 38 30 30 18 0c 00 
7c 18 1c 0c 0c 18 30 00 
ee ee 6c fe 38 ee 44 00 
00 18 18 ff 10 10 20 00 
00 00 00 00 18 38 10 20 
00 00 00 7e 00 00 00 00 
00 00 00 00 10 38 10 00 
06 0e 0c 18 30 20 40 00 
18 fe c6 d6 d6 c6 7c 00 
18 00 38 18 18 18 0c 00 
30 fe 06 7c c0 c6 fe 00 
30 fe 04 fe 06 c6 fc 00 
00 be 60 6c cc fe 0c 00 
30 fe c0 fe 06 c6 fc 00 
18 fe c0 be c6 c6 fc 00 
18 fe c6 1c 78 cc c0 00 
10 fe c6 7c c6 c6 7c 00 
30 fe c6 fe 06 c6 fc 00 
10 38 10 00 10 38 10 00 
10 38 10 00 18 38 10 20 
00 3c 38 70 60 30 18 00 
00 00 7e 00 7e 00 00 00 
00 78 38 1c 0c 18 30 00 
fe 0c 06 7c 60 10 38 10 
ff 67 cb cb ce e0 7a 00 
00 7e 18 2c 7e 6e c4 00 
30 fe c4 fe c6 c6 fc 00 
18 fe c6 d0 d0 c6 7c 00 
1e 06 fe c6 d6 c6 7a 00 
30 fe 00 fe c0 c6 7e 00 
30 fe 00 fe c0 c0 62 00 
30 fe c4 d6 c6 7e 06 fc 
c6 c0 fe c6 cc cc 86 00 
30 00 38 30 30 30 18 00 
18 00 1c 18 18 18 18 30 
c6 c0 c6 fe c8 de c6 00 
c6 00 c0 c0 c0 c6 7e 00 
00 ee 7c 7c d6 92 d6 00 
02 fa 6c 66 66 66 ee 00 
18 fe c6 d6 d6 c6 7c 00 
30 fe 06 fc c0 ca 8a 00 
18 fe c6 d6 c6 da 7c 0c 
30 fe 06 fc c8 cc 86 00 
30 fe c0 fe 06 c6 fc 00 
18 7e 18 18 18 18 32 00 
00 ee c6 c6 d6 c6 fa 00 
00 ce cc 6c 6c 3c bc 00 
00 db da da da 7e be 00 
00 ee 6c 38 6c c6 d6 00 
00 ee c6 d6 c6 3e 46 fc 
18 fe 0c f8 c0 c6 7e 00 
7c 10 30 30 30 30 3c 00 
60 70 30 18 0c 04 02 00 
3e 08 0c 0c 0c 0c 3c 00 
10 38 7c 10 28 28 44 00 
00 00 00 00 00 00 00 ff 
06 fe 40 fe c0 7c 06 00 
00 7e 18 24 7e 44 82 00 
10 7e 42 7c 44 42 7e 00 
08 7e 42 50 50 42 3c 00 
0e 02 7e 42 52 46 3a 00 
10 7e 00 7e 40 42 3e 00 
10 fe 00 fe 80 80 42 00 
10 7e 44 52 42 3e 02 7c 
44 40 7e 42 44 44 82 00 
10 00 18 10 10 10 08 00 
08 00 0c 08 08 08 10 20 
42 40 42 7c 48 58 46 00 
42 00 40 40 40 42 7e 00 
00 fe 54 54 92 92 54 00 
02 68 36 22 22 22 66 00 
08 7e 42 4a 42 42 3c 00 
10 7e 02 7c 40 40 8a 00 
18 7e 42 52 42 5a 2c 04 
10 7e 02 7c 48 44 82 00 
10 7e 40 7e 02 42 7c 00 
10 7c 10 10 10 10 22 00 
00 66 42 42 52 46 7a 00 
00 86 84 44 44 24 9c 00 
00 93 92 92 92 52 be 00 
00 66 24 18 24 42 52 00 
00 66 42 52 42 3e 44 78 
10 7e 04 78 40 42 3e 00 
1c 18 30 70 10 18 1c 00 
18 18 18 18 18 18 18 00 
38 18 08 0e 0c 18 38 00 
00 74 7e 4e 00 00 00 00 
ff 42 db d3 db c3 ff 00 
00 00 00 00 00 00 00 00
00 00 00 00 00 00 00 00
00 00 00 00 00 00 00 00
00 00 00 00 00 00 00 00
00 00 00 00 00 00 00 00
00 00 00 00 00 00 00 00
00 00 00 00 00 00 00 00
00 00 00 00 00 00 00 00
00 00 00 00 00 00 00 00
00 00 00 00 00 00 00 00
00 00 00 00 00 00 00 00
00 00 00 00 00 00 00 00
00 00 00 00 00 00 00 00
00 00 00 00 00 00 00 00
00 00 00 00 00 00 00 00
00 00 00 00 00 00 00 00
00 00 00 00 00 00 00 00
00 00 00 00 00 00 00 00
00 00 00 00 00 00 00 00
00 00 00 00 00 00 00 00
00 00 00 00 00 00 00 00
00 00 00 00 00 00 00 00
00 00 00 00 00 00 00 00
00 00 00 00 00 00 00 00
00 00 00 00 00 00 00 00
00 00 00 00 00 00 00 00
00 00 00 00 00 00 00 00
00 00 00 00 00 00 00 00
00 00 00 00 00 00 00 00
00 00 00 00 00 00 00 00
00 00 00 00 00 00 00 00
00 00 00 00 00 00 00 00
00 00 00 00 00 00 00 00
00 00 00 00 00 00 00 00
00 00 00 00 00 00 00 00
00 00 00 00 00 00 00 00
00 00 00 00 00 00 00 00
00 00 00 00 00 00 00 00
00 00 00 00 00 00 00 00
00 00 00 00 00 00 00 00
00 00 00 00 00 00 00 00
00 00 00 00 00 00 00 00
00 00 00 00 00 00 00 00
00 00 00 00 00 00 00 00
00 00 00 00 00 00 00 00
00 00 00 00 00 00 00 00
00 00 00 00 00 00 00 00
00 00 00 00 00 00 00 00
00 00 00 00 00 00 00 00
00 00 00 00 00 00 00 00
00 00 00 00 00 00 00 00
00 00 00 00 00 00 00 00
00 00 00 00 00 00 00 00
00 00 00 00 00 00 00 00
00 00 00 00 00 00 00 00
00 00 00 00 00 00 00 00
00 00 00 00 00 00 00 00
00 00 00 00 00 00 00 00
00 00 00 00 00 00 00 00
00 00 00 00 00 00 00 00
00 00 00 00 00 00 00 00
00 00 00 00 00 00 00 00
00 00 00 00 00 00 00 00
00 00 00 00 00 00 00 00
00 00 00 00 00 00 00 00
00 00 00 00 00 00 00 00
00 00 00 00 00 00 00 00
00 00 00 00 00 00 00 00
00 00 00 00 00 00 00 00
00 00 00 00 00 00 00 00
00 00 00 00 00 00 00 00
00 00 00 00 00 00 00 00
00 00 00 00 00 00 00 00
00 00 00 00 00 00 00 00
00 00 00 00 00 00 00 00
00 00 00 00 00 00 00 00
00 00 00 00 00 00 00 00
00 00 00 00 00 00 00 00
00 00 00 00 00 00 00 00
00 00 00 00 00 00 00 00
00 00 00 00 00 00 00 00
00 00 00 00 00 00 00 00
00 00 00 00 00 00 00 00
00 00 00 00 00 00 00 00
00 00 00 00 00 00 00 00
00 00 00 00 00 00 00 00
00 00 00 00 00 00 00 00
00 00 00 00 00 00 00 00
00 00 00 00 00 00 00 00
00 00 00 00 00 00 00 00
00 00 00 00 00 00 00 00
00 00 00 00 00 00 00 00
00 00 00 00 00 00 00 00
00 00 00 00 00 00 00 00
00 00 00 00 00 00 00 00
00 00 00 00 00 00 00 00
00 00 00 00 00 00 00 00
00 00 00 00 00 00 00 00
00 00 00 00 00 00 00 00
00 00 00 00 00 00 00 00
00 00 00 00 00 00 00 00
00 00 00 00 00 00 00 00
00 00 00 00 00 00 00 00
00 00 00 00 00 00 00 00
00 00 00 00 00 00 00 00
00 00 00 00 00 00 00 00
00 00 00 00 00 00 00 00
00 00 00 00 00 00 00 00
00 00 00 00 00 00 00 00
00 00 00 00 00 00 00 00
00 00 00 00 00 00 00 00
00 00 00 00 00 00 00 00
00 00 00 00 00 00 00 00
00 00 00 00 00 00 00 00
00 00 00 00 00 00 00 00
00 00 00 00 00 00 00 00
00 00 00 00 00 00 00 00
00 00 00 00 00 00 00 00
00 00 00 00 00 00 00 00
00 00 00 00 00 00 00 00
00 00 00 00 00 00 00 00
00 00 00 00 00 00 00 00
00 00 00 00 00 00 00 00
00 00 00 00 00 00 00 00
00 00 00 00 00 00 00 00
00 00 00 00 00 00 00 00
00 00 00 00 00 00 00 00
00 00 00 00 00 00 00 00
