42 4d 46 00 08 08 00 01
00 00 00 00 00 00 00 00
00 00 00 00 00 00 00 00
00 00 00 00 00 00 00 00
00 00 00 00 00 00 00 00
00 00 00 00 00 00 00 00
00 00 00 00 00 00 00 00
00 00 00 00 00 00 00 00
00 00 00 00 00 00 00 00
00 00 00 00 00 00 00 00
00 00 00 00 00 00 00 00
00 00 00 00 00 00 00 00
00 00 00 00 00 00 00 00
00 00 00 00 00 00 00 00
00 00 00 00 00 00 00 00
00 00 00 00 00 00 00 00
00 00 00 00 00 00 00 00
00 00 00 00 00 00 00 00
00 00 00 00 00 00 00 00
00 00 00 00 00 00 00 00
00 00 00 00 00 00 00 00
00 00 00 00 00 00 00 00
00 00 00 00 00 00 00 00
00 00 00 00 00 00 00 00
00 00 00 00 00 00 00 00
00 00 00 00 00 00 00 00
00 00 00 00 00 00 00 00
00 00 00 00 00 00 00 00
00 00 00 00 00 00 00 00
00 00 00 00 00 00 00 00
00 00 00 00 00 00 00 00
00 00 00 00 00 00 00 00
00 00 00 00 00 00 00 00
00 00 00 00 00 00 00 00 
18 18 18 18 18 00 18 18 
36 36 6c 00 00 00 00 00 
36 7f 7f 36 36 7f 7f 36 
0c 1e 3e 30 1c 7c 78 30 
60 66 0e 1c 38 70 66 06 
3c 7c 60 3e 3e 66 7e 3e 
18 18 30 00 00 00 00 00 
1c 3c 70 60 60 70 3c 1c 
70 78 1c 0c 0c 1c 78 70 
18 5a 7e 3c 7e 5a 18 00 
00 18 18 7e 7e 18 18 00 
00 00 00 00 00 18 18 30 
00 00 00 7e 7e 00 00 00 
00 00 00 00 00 18 18 00 
03 07 0e 1c 38 70 e0 c0 
3c 7e 66 66 66 66 7e 3c 
38 38 18 18 18 18 18 18 
38 7c 6c 1c 38 70 7c 7c 
7c 7c 18 38 38 0c 7c 78 
1e 3e 76 66 76 76 06 06 
3c 3c 70 78 1c 1c 7c 78 
18 38 70 6c 6e 66 7e 3c 
7e 7e 0c 1c 18 38 30 30 
3c 7e 66 3c 3c 66 7e 3c 
3c 7e 66 76 36 0e 1c 18 
00 18 18 00 00 18 18 00 
00 18 18 00 00 18 18 30 
0c 1c 38 70 70 38 1c 0c 
00 7e 7e 00 7e 7e 00 00 
60 70 38 1c 1c 38 70 60 
3c 7e 66 0c 18 00 18 18 
38 7c ee de de e0 7e 3e 
38 7c ee c6 f6 f6 c6 c6 
fc fe c6 de dc c6 de dc 
3c 7e e6 c0 c0 e6 7e 3c 
f8 fc ce c6 c6 ce dc d8 
3e 7e 60 7c 7c 60 7e 3e 
3c 7e 66 60 78 78 60 60 
38 78 e0 cc ce e6 7e 3c 
66 66 66 76 76 66 66 66 
18 18 18 18 18 18 18 18 
0c 0c 0c 0c 0c 0c 3c 38 
66 6e 7c 78 78 7c 6e 66 
30 30 30 30 30 30 3c 1c 
6c fe fe d6 d6 d6 d6 d6 
3c 7e 66 66 66 66 66 66 
38 7c ee c6 c6 ee 7c 38 
fc fe c6 de dc c0 c0 c0 
38 7c ee c6 ee 78 3e 1e 
fc fe c6 de dc dc ce c6 
1c 3c 30 38 1c 0c 3c 38 
7e 7e 18 18 18 18 18 18 
66 66 66 66 66 66 7e 3c 
ee ee 6c 7c 38 38 10 10 
d6 d6 d6 d6 d6 fe fe 6c 
c6 ee 7c 38 38 7c ee c6 
c3 e7 7e 3c 18 18 18 18 
7e 7e 0e 1c 38 70 7e 7e 
3c 3c 30 30 30 30 3c 3c 
c0 e0 70 38 1c 0e 07 03 
3c 3c 0c 0c 0c 0c 3c 3c 
18 3c 7e 7e 18 18 18 18 
00 00 00 00 00 00 ff ff 
1e 3e 30 7c 7c 30 7e 7e 
00 00 3c 7e 66 66 76 36 
60 60 6c 6e 66 66 7e 3c 
00 00 3c 7c 60 60 7c 3c 
06 06 36 76 66 66 7e 3c 
00 00 3c 7e 64 68 7e 3e 
1c 3c 30 38 38 30 30 30 
00 00 38 70 6e 66 7e 3e 
60 60 7c 7e 66 66 66 66 
18 18 00 18 18 18 18 18 
0c 0c 00 0c 0c 0c 3c 38 
60 60 6c 6c 78 7c 6e 66 
18 18 18 18 18 18 18 18 
00 00 6c fe fe d6 d6 d6 
00 00 3c 7e 66 66 66 66 
00 00 3c 7e 66 66 7e 3c 
00 00 3c 7e 66 6e 6c 60 
00 00 3c 7e 66 76 36 06 
00 00 1c 3c 30 30 30 30 
00 00 1c 3c 30 1c 7c 78 
30 30 38 38 30 30 3c 1c 
00 00 66 66 66 66 7e 3c 
00 00 ee 6c 7c 38 38 10 
00 00 d6 d6 d6 fe fe 6c 
00 00 66 66 3c 3c 66 66 
00 00 66 66 3e 1c 78 70 
00 7c 7c 18 30 7c 7c 00 
1e 1e 18 78 78 18 1e 1e 
18 18 18 18 18 18 18 18 
78 78 18 1e 1e 18 78 78 
36 7e 6c 00 00 00 00 00 
3c 42 9d b1 b1 9d 42 3c 
00 00 00 00 00 00 00 00
00 00 00 00 00 00 00 00
00 00 00 00 00 00 00 00
00 00 00 00 00 00 00 00
00 00 00 00 00 00 00 00
00 00 00 00 00 00 00 00
00 00 00 00 00 00 00 00
00 00 00 00 00 00 00 00
00 00 00 00 00 00 00 00
00 00 00 00 00 00 00 00
00 00 00 00 00 00 00 00
00 00 00 00 00 00 00 00
00 00 00 00 00 00 00 00
00 00 00 00 00 00 00 00
00 00 00 00 00 00 00 00
00 00 00 00 00 00 00 00
00 00 00 00 00 00 00 00
00 00 00 00 00 00 00 00
00 00 00 00 00 00 00 00
00 00 00 00 00 00 00 00
00 00 00 00 00 00 00 00
00 00 00 00 00 00 00 00
00 00 00 00 00 00 00 00
00 00 00 00 00 00 00 00
00 00 00 00 00 00 00 00
00 00 00 00 00 00 00 00
00 00 00 00 00 00 00 00
00 00 00 00 00 00 00 00
00 00 00 00 00 00 00 00
00 00 00 00 00 00 00 00
00 00 00 00 00 00 00 00
00 00 00 00 00 00 00 00
00 00 00 00 00 00 00 00
00 00 00 00 00 00 00 00
00 00 00 00 00 00 00 00
00 00 00 00 00 00 00 00
00 00 00 00 00 00 00 00
00 00 00 00 00 00 00 00
00 00 00 00 00 00 00 00
00 00 00 00 00 00 00 00
00 00 00 00 00 00 00 00
00 00 00 00 00 00 00 00
00 00 00 00 00 00 00 00
00 00 00 00 00 00 00 00
00 00 00 00 00 00 00 00
00 00 00 00 00 00 00 00
00 00 00 00 00 00 00 00
00 00 00 00 00 00 00 00
00 00 00 00 00 00 00 00
00 00 00 00 00 00 00 00
00 00 00 00 00 00 00 00
00 00 00 00 00 00 00 00
00 00 00 00 00 00 00 00
00 00 00 00 00 00 00 00
00 00 00 00 00 00 00 00
00 00 00 00 00 00 00 00
00 00 00 00 00 00 00 00
00 00 00 00 00 00 00 00
00 00 00 00 00 00 00 00
00 00 00 00 00 00 00 00
00 00 00 00 00 00 00 00
00 00 00 00 00 00 00 00
00 00 00 00 00 00 00 00
00 00 00 00 00 00 00 00
00 00 00 00 00 00 00 00
00 00 00 00 00 00 00 00
00 00 00 00 00 00 00 00
00 00 00 00 00 00 00 00
00 00 00 00 00 00 00 00
00 00 00 00 00 00 00 00
00 00 00 00 00 00 00 00
00 00 00 00 00 00 00 00
00 00 00 00 00 00 00 00
00 00 00 00 00 00 00 00
00 00 00 00 00 00 00 00
00 00 00 00 00 00 00 00
00 00 00 00 00 00 00 00
00 00 00 00 00 00 00 00
00 00 00 00 00 00 00 00
00 00 00 00 00 00 00 00
00 00 00 00 00 00 00 00
00 00 00 00 00 00 00 00
00 00 00 00 00 00 00 00
00 00 00 00 00 00 00 00
00 00 00 00 00 00 00 00
00 00 00 00 00 00 00 00
00 00 00 00 00 00 00 00
00 00 00 00 00 00 00 00
00 00 00 00 00 00 00 00
00 00 00 00 00 00 00 00
00 00 00 00 00 00 00 00
00 00 00 00 00 00 00 00
00 00 00 00 00 00 00 00
00 00 00 00 00 00 00 00
00 00 00 00 00 00 00 00
00 00 00 00 00 00 00 00
00 00 00 00 00 00 00 00
00 00 00 00 00 00 00 00
00 00 00 00 00 00 00 00
00 00 00 00 00 00 00 00
00 00 00 00 00 00 00 00
00 00 00 00 00 00 00 00
00 00 00 00 00 00 00 00
00 00 00 00 00 00 00 00
00 00 00 00 00 00 00 00
00 00 00 00 00 00 00 00
00 00 00 00 00 00 00 00
00 00 00 00 00 00 00 00
00 00 00 00 00 00 00 00
00 00 00 00 00 00 00 00
00 00 00 00 00 00 00 00
00 00 00 00 00 00 00 00
00 00 00 00 00 00 00 00
00 00 00 00 00 00 00 00
00 00 00 00 00 00 00 00
00 00 00 00 00 00 00 00
00 00 00 00 00 00 00 00
00 00 00 00 00 00 00 00
00 00 00 00 00 00 00 00
00 00 00 00 00 00 00 00
00 00 00 00 00 00 00 00
00 00 00 00 00 00 00 00
00 00 00 00 00 00 00 00
00 00 00 00 00 00 00 00
00 00 00 00 00 00 00 00
00 00 00 00 00 00 00 00
00 00 00 00 00 00 00 00
00 00 00 00 00 00 00 00
