42 4d 46 00 08 08 00 01
00 00 00 00 00 00 00 00
00 00 00 00 00 00 00 00
00 00 00 00 00 00 00 00
00 00 00 00 00 00 00 00
00 00 00 00 00 00 00 00
00 00 00 00 00 00 00 00
00 00 00 00 00 00 00 00
00 00 00 00 00 00 00 00
00 00 00 00 00 00 00 00
00 00 00 00 00 00 00 00
00 00 00 00 00 00 00 00
00 00 00 00 00 00 00 00
00 00 00 00 00 00 00 00
00 00 00 00 00 00 00 00
00 00 00 00 00 00 00 00
00 00 00 00 00 00 00 00
00 00 00 00 00 00 00 00
00 00 00 00 00 00 00 00
00 00 00 00 00 00 00 00
00 00 00 00 00 00 00 00
00 00 00 00 00 00 00 00
00 00 00 00 00 00 00 00
00 00 00 00 00 00 00 00
00 00 00 00 00 00 00 00
00 00 00 00 00 00 00 00
00 00 00 00 00 00 00 00
00 00 00 00 00 00 00 00
00 00 00 00 00 00 00 00
00 00 00 00 00 00 00 00
00 00 00 00 00 00 00 00
00 00 00 00 00 00 00 00
00 00 00 00 00 00 00 00
00 00 00 00 00 00 00 00 
10 10 10 10 00 10 30 00 
22 66 18 00 00 00 00 00 
44 ba 44 44 44 ba 44 00 
10 6e 90 6c 12 ec 10 00 
46 e2 48 10 24 8e c4 00 
60 94 94 6a 84 84 7a 00 
04 0c 30 00 00 00 00 00 
18 20 20 20 20 20 18 00 
30 08 08 08 08 08 30 00 
10 54 28 10 28 54 10 00 
00 10 10 ee 10 10 00 00 
00 00 00 00 00 08 18 60 
00 00 00 7e 00 00 00 00 
00 00 00 00 00 08 18 00 
06 02 08 10 20 80 c0 00 
10 6c 44 92 44 6c 10 00 
30 10 08 08 10 38 4c 00 
38 c6 82 1c 60 80 7e 00 
fa 04 08 04 82 c6 38 00 
0c 14 24 44 fa 04 04 00 
7e 80 70 0c 84 c2 3c 00 
3e c0 80 78 86 c2 3c 00 
e0 18 08 04 7a 04 04 00 
38 c6 82 7c 82 c6 38 00 
78 86 82 7c 02 06 f8 00 
00 00 30 20 00 10 30 00 
00 00 30 20 00 08 18 60 
00 06 38 e0 38 06 00 00 
00 00 fe 00 fe 00 00 00 
00 c0 38 0e 38 c0 00 00 
f8 06 02 06 38 00 20 00 
1c 62 4e 92 4e 60 1e 00 
10 6c 44 82 7c 82 82 00 
b8 46 42 3c 42 46 b8 00 
18 66 42 80 42 66 18 00 
b0 4c 44 42 44 4c b0 00 
18 66 42 b0 42 66 18 00 
18 66 42 b0 40 60 10 00 
18 66 40 9c 42 66 18 00 
44 44 44 ba 44 44 44 00 
28 10 10 10 10 10 28 00 
0c 04 02 02 84 cc 30 00 
42 44 4c b0 4c 44 42 00 
60 40 80 80 42 66 18 00 
10 6c 54 92 92 92 92 00 
10 6c 44 82 82 82 82 00 
10 6c 44 82 44 6c 10 00 
10 6c 44 b8 40 40 40 00 
10 6c 44 92 4c 6c 12 00 
10 6c 44 b0 48 44 42 00 
38 c2 80 6c 02 86 38 00 
6c 92 10 10 10 10 10 00 
82 82 82 82 44 6c 10 00 
82 82 82 44 44 28 10 00 
92 92 92 92 54 6c 10 00 
82 44 28 00 28 44 82 00 
82 82 54 6c 10 10 10 00 
fc 02 06 38 c0 80 7e 00 
1c 20 20 20 20 20 1c 00 
c0 80 20 10 08 02 06 00 
38 04 04 04 04 04 38 00 
10 10 6c 92 10 10 10 00 
00 00 00 00 00 00 00 ff 
1c 22 20 50 20 22 5e 00 
00 3a 46 82 82 46 3a 00 
80 b8 c4 82 82 c4 b8 00 
00 3c 42 80 80 42 3c 00 
02 3a 46 82 82 46 3a 00 
00 3c 42 8c b0 42 3c 00 
0c 12 20 fc 20 20 20 00 
00 3a 46 82 66 1a 82 7c 
80 b8 c4 82 82 82 82 00 
10 00 10 10 10 10 10 00 
02 00 02 02 02 02 84 78 
80 80 86 98 e0 98 86 00 
38 08 08 08 08 08 08 00 
00 28 54 92 92 92 92 00 
00 b8 c4 82 82 82 82 00 
00 38 44 82 82 44 38 00 
00 b8 c4 82 82 c4 b8 80 
00 3a 46 82 82 46 3a 02 
00 b8 c4 82 80 80 80 00 
00 7c 82 70 0c 82 7c 00 
40 40 f0 40 40 22 1c 00 
00 42 82 82 82 46 3a 00 
00 82 82 82 44 28 10 00 
00 92 92 92 92 54 28 00 
00 82 44 38 28 44 82 00 
00 42 82 82 46 3a 82 7c 
00 fe 04 18 20 40 fe 00 
06 18 20 d0 20 18 06 00 
10 10 10 10 10 10 10 00 
c0 30 08 16 08 30 c0 00 
00 52 aa 94 00 00 00 00 
3c 42 99 a1 a1 99 42 3c 
00 00 00 00 00 00 00 00
00 00 00 00 00 00 00 00
00 00 00 00 00 00 00 00
00 00 00 00 00 00 00 00
00 00 00 00 00 00 00 00
00 00 00 00 00 00 00 00
00 00 00 00 00 00 00 00
00 00 00 00 00 00 00 00
00 00 00 00 00 00 00 00
00 00 00 00 00 00 00 00
00 00 00 00 00 00 00 00
00 00 00 00 00 00 00 00
00 00 00 00 00 00 00 00
00 00 00 00 00 00 00 00
00 00 00 00 00 00 00 00
00 00 00 00 00 00 00 00
00 00 00 00 00 00 00 00
00 00 00 00 00 00 00 00
00 00 00 00 00 00 00 00
00 00 00 00 00 00 00 00
00 00 00 00 00 00 00 00
00 00 00 00 00 00 00 00
00 00 00 00 00 00 00 00
00 00 00 00 00 00 00 00
00 00 00 00 00 00 00 00
00 00 00 00 00 00 00 00
00 00 00 00 00 00 00 00
00 00 00 00 00 00 00 00
00 00 00 00 00 00 00 00
00 00 00 00 00 00 00 00
00 00 00 00 00 00 00 00
00 00 00 00 00 00 00 00
00 00 00 00 00 00 00 00
00 00 00 00 00 00 00 00
00 00 00 00 00 00 00 00
00 00 00 00 00 00 00 00
00 00 00 00 00 00 00 00
00 00 00 00 00 00 00 00
00 00 00 00 00 00 00 00
00 00 00 00 00 00 00 00
00 00 00 00 00 00 00 00
00 00 00 00 00 00 00 00
00 00 00 00 00 00 00 00
00 00 00 00 00 00 00 00
00 00 00 00 00 00 00 00
00 00 00 00 00 00 00 00
00 00 00 00 00 00 00 00
00 00 00 00 00 00 00 00
00 00 00 00 00 00 00 00
00 00 00 00 00 00 00 00
00 00 00 00 00 00 00 00
00 00 00 00 00 00 00 00
00 00 00 00 00 00 00 00
00 00 00 00 00 00 00 00
00 00 00 00 00 00 00 00
00 00 00 00 00 00 00 00
00 00 00 00 00 00 00 00
00 00 00 00 00 00 00 00
00 00 00 00 00 00 00 00
00 00 00 00 00 00 00 00
00 00 00 00 00 00 00 00
00 00 00 00 00 00 00 00
00 00 00 00 00 00 00 00
00 00 00 00 00 00 00 00
00 00 00 00 00 00 00 00
00 00 00 00 00 00 00 00
00 00 00 00 00 00 00 00
00 00 00 00 00 00 00 00
00 00 00 00 00 00 00 00
00 00 00 00 00 00 00 00
00 00 00 00 00 00 00 00
00 00 00 00 00 00 00 00
00 00 00 00 00 00 00 00
00 00 00 00 00 00 00 00
00 00 00 00 00 00 00 00
00 00 00 00 00 00 00 00
00 00 00 00 00 00 00 00
00 00 00 00 00 00 00 00
00 00 00 00 00 00 00 00
00 00 00 00 00 00 00 00
00 00 00 00 00 00 00 00
00 00 00 00 00 00 00 00
00 00 00 00 00 00 00 00
00 00 00 00 00 00 00 00
00 00 00 00 00 00 00 00
00 00 00 00 00 00 00 00
00 00 00 00 00 00 00 00
00 00 00 00 00 00 00 00
00 00 00 00 00 00 00 00
00 00 00 00 00 00 00 00
00 00 00 00 00 00 00 00
00 00 00 00 00 00 00 00
00 00 00 00 00 00 00 00
00 00 00 00 00 00 00 00
00 00 00 00 00 00 00 00
00 00 00 00 00 00 00 00
00 00 00 00 00 00 00 00
00 00 00 00 00 00 00 00
00 00 00 00 00 00 00 00
00 00 00 00 00 00 00 00
00 00 00 00 00 00 00 00
00 00 00 00 00 00 00 00
00 00 00 00 00 00 00 00
00 00 00 00 00 00 00 00
00 00 00 00 00 00 00 00
00 00 00 00 00 00 00 00
00 00 00 00 00 00 00 00
00 00 00 00 00 00 00 00
00 00 00 00 00 00 00 00
00 00 00 00 00 00 00 00
00 00 00 00 00 00 00 00
00 00 00 00 00 00 00 00
00 00 00 00 00 00 00 00
00 00 00 00 00 00 00 00
00 00 00 00 00 00 00 00
00 00 00 00 00 00 00 00
00 00 00 00 00 00 00 00
00 00 00 00 00 00 00 00
00 00 00 00 00 00 00 00
00 00 00 00 00 00 00 00
00 00 00 00 00 00 00 00
00 00 00 00 00 00 00 00
00 00 00 00 00 00 00 00
00 00 00 00 00 00 00 00
00 00 00 00 00 00 00 00
00 00 00 00 00 00 00 00
00 00 00 00 00 00 00 00
00 00 00 00 00 00 00 00
