42 4d 46 00 08 08 00 01
00 00 00 00 00 00 00 00
00 00 00 00 00 00 00 00
00 00 00 00 00 00 00 00
00 00 00 00 00 00 00 00
00 00 00 00 00 00 00 00
00 00 00 00 00 00 00 00
00 00 00 00 00 00 00 00
00 00 00 00 00 00 00 00
00 00 00 00 00 00 00 00
00 00 00 00 00 00 00 00
00 00 00 00 00 00 00 00
00 00 00 00 00 00 00 00
00 00 00 00 00 00 00 00
00 00 00 00 00 00 00 00
00 00 00 00 00 00 00 00
00 00 00 00 00 00 00 00
00 00 00 00 00 00 00 00
00 00 00 00 00 00 00 00
00 00 00 00 00 00 00 00
00 00 00 00 00 00 00 00
00 00 00 00 00 00 00 00
00 00 00 00 00 00 00 00
00 00 00 00 00 00 00 00
00 00 00 00 00 00 00 00
00 00 00 00 00 00 00 00
00 00 00 00 00 00 00 00
00 00 00 00 00 00 00 00
00 00 00 00 00 00 00 00
00 00 00 00 00 00 00 00
00 00 00 00 00 00 00 00
00 00 00 00 00 00 00 00
00 00 00 00 00 00 00 00
00 00 00 00 00 00 00 00 
38 38 38 10 00 38 38 00 
6c 6c 6c 00 00 00 00 00 
6c 6c fe 6c fe 6c 6c 00 
18 3e 7e 30 0c 7e 7c 18 
00 e6 ec 18 30 6e ce 00 
70 f0 cc 7c c8 fe 7e 00 
18 18 18 00 00 00 00 00 
1c 3c 70 70 70 3c 1c 00 
38 3c 0e 0e 0e 3c 38 00 
00 18 7e 3c 7e 18 00 00 
00 18 18 7e 7e 18 18 00 
00 00 00 00 00 18 18 30 
00 00 00 fe fe 00 00 00 
00 00 00 00 00 18 18 00 
03 07 0e 1c 38 70 e0 c0 
38 7c ee c6 ee 7c 38 00 
18 38 38 18 18 3c 3c 00 
7c fe ce 18 72 fe fe 00 
fe fe ce 1c c6 fe 7c 00 
3c 7c ec fe 0c 1e 1e 00 
fe fe c0 fc 06 fe fc 00 
3c 7c e0 fc c6 fe 7c 00 
fe fe ce 1c 1c 38 38 00 
7c fe c6 7c c6 fe 7c 00 
7c fe c6 7e 0e 7c 78 00 
00 00 18 18 00 18 18 00 
00 00 18 18 00 18 18 30 
0e 1c 38 70 38 1c 0e 00 
00 7e 7e 00 7e 7e 00 00 
70 38 1c 0e 1c 38 70 00 
7c fe ce 1c 00 38 38 00 
38 7c ee de e0 7e 3e 00 
38 38 7c 6c fe c6 c6 00 
fc fe 66 7c 66 fe fc 00 
3a 7e ee c0 e0 7e 3e 00 
f8 fc 6e 66 6e fc f8 00 
fe fe 62 78 62 fe fe 00 
fe fe 62 78 60 f0 f0 00 
3e 7e e0 ce e6 7e 3e 00 
ee ee 66 7e 66 ee ee 00 
3c 3c 18 18 18 3c 3c 00 
1e 1e 0c 0c cc fc 78 00 
ee ee 6c 78 6c ee ee 00 
f0 f0 60 66 66 fe fe 00 
c6 ee fe fe c6 ee ee 00 
e7 f7 7b 7f 6f f7 f3 00 
38 7c ee c6 ee 7c 38 00 
fc fe 66 7c 60 f0 f0 00 
38 7c ee c6 ec 7e 36 00 
fc fe 66 7c 6c ee ee 00 
7a fe 66 38 cc fe bc 00 
ff ff db 18 18 3c 3c 00 
c6 c6 c6 c6 c6 7c 38 00 
c6 c6 ee 6c 7c 38 38 00 
ee ee c6 d6 fe ee c6 00 
ee ee 7c 38 7c ee ee 00 
ee ee 7c 38 38 7c 7c 00 
7e 7e 4c 18 32 7e 7e 00 
3c 3c 30 30 30 30 3c 3c 
c0 e0 70 38 1c 0e 07 03 
3c 3c 0c 0c 0c 0c 3c 3c 
18 3c 7e 7e 18 18 18 18 
00 00 00 00 00 00 ff ff 
3c 7e 66 f8 66 fe fe 00 
00 78 0c 7c cc fe 76 00 
e0 ec 7e 76 66 fe dc 00 
00 3c 7e 66 60 7e 3e 00 
1c 6c fc dc cc fe 76 00 
00 3c 66 7e 60 7e 3e 00 
1c 3e 36 78 30 78 78 00 
00 76 fe ce 7e 06 7e 7c 
e0 6c 7e 76 66 ef ef 00 
18 00 38 18 18 3c 3c 00 
0c 00 1c 1c 0c 0c 3c 38 
e0 66 6e 78 7c e6 e6 00 
38 38 18 18 18 3c 3c 00 
00 da ff ff db db db 00 
00 ec fe 76 66 ef ef 00 
00 3c 7e 66 66 7e 3c 00 
00 dc fe 66 7e 7c e0 e0 
00 6c fc cc fc 7c 0e 0e 
00 ec fe 76 60 f0 f0 00 
00 3e 7e 30 0c 7e 7c 00 
30 7c 7c 30 30 3c 1c 00 
00 ee ee 66 6e 7f 37 00 
00 e7 e7 66 7e 3c 18 00 
00 db db db ff 7e 66 00 
00 ee 7c 38 7c ee ee 00 
00 66 66 3e 06 3e 3c 00 
00 7e 4c 18 32 7e 7e 00 
0e 1e 18 78 78 18 1e 0e 
18 18 18 18 18 18 18 18 
70 78 18 1e 1e 18 78 70 
36 7e 6c 00 00 00 00 00 
3c 7e db f3 f3 db 7e 3c 
00 00 00 00 00 00 00 00
00 00 00 00 00 00 00 00
00 00 00 00 00 00 00 00
00 00 00 00 00 00 00 00
00 00 00 00 00 00 00 00
00 00 00 00 00 00 00 00
00 00 00 00 00 00 00 00
00 00 00 00 00 00 00 00
00 00 00 00 00 00 00 00
00 00 00 00 00 00 00 00
00 00 00 00 00 00 00 00
00 00 00 00 00 00 00 00
00 00 00 00 00 00 00 00
00 00 00 00 00 00 00 00
00 00 00 00 00 00 00 00
00 00 00 00 00 00 00 00
00 00 00 00 00 00 00 00
00 00 00 00 00 00 00 00
00 00 00 00 00 00 00 00
00 00 00 00 00 00 00 00
00 00 00 00 00 00 00 00
00 00 00 00 00 00 00 00
00 00 00 00 00 00 00 00
00 00 00 00 00 00 00 00
00 00 00 00 00 00 00 00
00 00 00 00 00 00 00 00
00 00 00 00 00 00 00 00
00 00 00 00 00 00 00 00
00 00 00 00 00 00 00 00
00 00 00 00 00 00 00 00
00 00 00 00 00 00 00 00
00 00 00 00 00 00 00 00
00 00 00 00 00 00 00 00
00 00 00 00 00 00 00 00
00 00 00 00 00 00 00 00
00 00 00 00 00 00 00 00
00 00 00 00 00 00 00 00
00 00 00 00 00 00 00 00
00 00 00 00 00 00 00 00
00 00 00 00 00 00 00 00
00 00 00 00 00 00 00 00
00 00 00 00 00 00 00 00
00 00 00 00 00 00 00 00
00 00 00 00 00 00 00 00
00 00 00 00 00 00 00 00
00 00 00 00 00 00 00 00
00 00 00 00 00 00 00 00
00 00 00 00 00 00 00 00
00 00 00 00 00 00 00 00
00 00 00 00 00 00 00 00
00 00 00 00 00 00 00 00
00 00 00 00 00 00 00 00
00 00 00 00 00 00 00 00
00 00 00 00 00 00 00 00
00 00 00 00 00 00 00 00
00 00 00 00 00 00 00 00
00 00 00 00 00 00 00 00
00 00 00 00 00 00 00 00
00 00 00 00 00 00 00 00
00 00 00 00 00 00 00 00
00 00 00 00 00 00 00 00
00 00 00 00 00 00 00 00
00 00 00 00 00 00 00 00
00 00 00 00 00 00 00 00
00 00 00 00 00 00 00 00
00 00 00 00 00 00 00 00
00 00 00 00 00 00 00 00
00 00 00 00 00 00 00 00
00 00 00 00 00 00 00 00
00 00 00 00 00 00 00 00
00 00 00 00 00 00 00 00
00 00 00 00 00 00 00 00
00 00 00 00 00 00 00 00
00 00 00 00 00 00 00 00
00 00 00 00 00 00 00 00
00 00 00 00 00 00 00 00
00 00 00 00 00 00 00 00
00 00 00 00 00 00 00 00
00 00 00 00 00 00 00 00
00 00 00 00 00 00 00 00
00 00 00 00 00 00 00 00
00 00 00 00 00 00 00 00
00 00 00 00 00 00 00 00
00 00 00 00 00 00 00 00
00 00 00 00 00 00 00 00
00 00 00 00 00 00 00 00
00 00 00 00 00 00 00 00
00 00 00 00 00 00 00 00
00 00 00 00 00 00 00 00
00 00 00 00 00 00 00 00
00 00 00 00 00 00 00 00
00 00 00 00 00 00 00 00
00 00 00 00 00 00 00 00
00 00 00 00 00 00 00 00
00 00 00 00 00 00 00 00
00 00 00 00 00 00 00 00
00 00 00 00 00 00 00 00
00 00 00 00 00 00 00 00
00 00 00 00 00 00 00 00
00 00 00 00 00 00 00 00
00 00 00 00 00 00 00 00
00 00 00 00 00 00 00 00
00 00 00 00 00 00 00 00
00 00 00 00 00 00 00 00
00 00 00 00 00 00 00 00
00 00 00 00 00 00 00 00
00 00 00 00 00 00 00 00
00 00 00 00 00 00 00 00
00 00 00 00 00 00 00 00
00 00 00 00 00 00 00 00
00 00 00 00 00 00 00 00
00 00 00 00 00 00 00 00
00 00 00 00 00 00 00 00
00 00 00 00 00 00 00 00
00 00 00 00 00 00 00 00
00 00 00 00 00 00 00 00
00 00 00 00 00 00 00 00
00 00 00 00 00 00 00 00
00 00 00 00 00 00 00 00
00 00 00 00 00 00 00 00
00 00 00 00 00 00 00 00
00 00 00 00 00 00 00 00
00 00 00 00 00 00 00 00
00 00 00 00 00 00 00 00
00 00 00 00 00 00 00 00
00 00 00 00 00 00 00 00
00 00 00 00 00 00 00 00
00 00 00 00 00 00 00 00
