42 4d 46 00 08 08 00 01
00 00 00 00 00 00 00 00
00 00 00 00 00 00 00 00
00 00 00 00 00 00 00 00
00 00 00 00 00 00 00 00
00 00 00 00 00 00 00 00
00 00 00 00 00 00 00 00
00 00 00 00 00 00 00 00
00 00 00 00 00 00 00 00
00 00 00 00 00 00 00 00
00 00 00 00 00 00 00 00
00 00 00 00 00 00 00 00
00 00 00 00 00 00 00 00
00 00 00 00 00 00 00 00
00 00 00 00 00 00 00 00
00 00 00 00 00 00 00 00
00 00 00 00 00 00 00 00
00 00 00 00 00 00 00 00
00 00 00 00 00 00 00 00
00 00 00 00 00 00 00 00
00 00 00 00 00 00 00 00
00 00 00 00 00 00 00 00
00 00 00 00 00 00 00 00
00 00 00 00 00 00 00 00
00 00 00 00 00 00 00 00
00 00 00 00 00 00 00 00
00 00 00 00 00 00 00 00
00 00 00 00 00 00 00 00
00 00 00 00 00 00 00 00
00 00 00 00 00 00 00 00
00 00 00 00 00 00 00 00
00 00 00 00 00 00 00 00
00 00 00 00 00 00 00 00
00 00 00 00 00 00 00 00 
78 4c 4c 4c 7c 4c 7c 3c 
fe 93 93 ff 77 00 00 00 
7c d6 83 d7 83 d7 7e 3c 
7e c3 97 c7 d3 87 fe 7c 
ff 99 93 e7 c9 99 ff 77 
78 cc 96 c3 97 c3 7f 3f 
78 4c 4c 7c 3c 00 00 00 
78 cc 9c 9c 98 cc 7c 3c 
78 4c 66 26 66 4e 7e 3c 
38 ee 83 c7 83 ef 7f 1c 
3c 24 66 43 67 27 3e 1c 
00 00 00 00 7c 46 7e 3e 
00 00 fe 83 ff 7f 00 00 
00 00 00 00 78 4c 7c 3c 
0e 1b 33 67 ce 9c f8 70 
7c c6 93 93 93 c7 7e 3c 
78 cc 8c cc cc 86 fe 7e 
fc 86 f3 c7 9e 83 ff 7f 
fc 86 f3 47 f3 87 fe 7c 
3e 63 c3 93 83 f3 7f 1e 
fe 83 9f 86 f3 87 fe 7c 
7c c6 9e 86 93 c7 7e 3c 
fe 83 f3 73 26 26 3e 1c 
7c c6 93 c7 93 c7 7e 3c 
7c c6 93 c3 67 4e 7c 38 
78 4c 7c 3c 78 4c 7c 3c 
3c 26 3e 1e 7c 46 7e 3e 
3c 66 ce 9e cc 66 3e 1e 
00 fe 83 ff 83 ff 7f 00 
f0 98 cc 66 ce 9c f8 70 
fc 86 f3 67 7e 4c 7c 3c 
7c c6 93 93 9f c3 7f 3f 
7c c6 93 83 93 93 ff 77 
fc 86 93 87 92 87 ff 7e 
7e c3 9f 9f 9e c3 7f 3f 
fc 86 93 93 93 87 fe 7c 
fe 83 9f 87 9e 83 ff 7f 
fe 83 9f 87 9c 9c f8 70 
7e c3 9f 93 93 c3 7f 3f 
fe 93 93 83 93 93 ff 77 
7e 43 67 27 66 43 7f 3f 
1e 13 13 f3 93 c7 7f 3e 
fe 93 93 87 92 93 ff 77 
f0 98 98 98 9e 83 ff 7f 
ee bb 93 83 83 93 ff 77 
fe b3 93 83 93 9b ff 77 
7c c6 93 93 93 c7 7e 3c 
fc 86 93 87 9e 9c f8 78 
7c c6 93 97 83 d2 7f 37 
fc 86 93 87 93 93 ff 77 
7e c3 8f c6 e3 87 fe 7c 
fc 86 ce 4e 4c 4c 7c 3c 
fe 93 93 93 93 c7 7e 3c 
fe 93 93 93 c7 6e 3c 18 
fe 93 93 83 83 d7 7e 3c 
fe 93 c7 6f c6 93 ff 77 
ee bb 93 c7 6e 2c 3c 1c 
fe 83 f3 67 ce 83 ff 7f 
7c 46 4e 4c 4c 46 7e 3e 
f0 98 cc 66 33 1b 0f 07 
7c 46 66 26 66 46 7e 3e 
38 6c c6 83 c7 47 7c 3c 
00 00 00 00 fe 83 ff 7f 
3e 63 cf 87 ce 83 ff 7f 
00 7e c3 93 93 c3 7f 3f 
f0 9c 86 93 93 87 fe 7c 
00 7e c3 9f 9e c3 7f 3f 
1e 73 c3 93 93 c3 7f 3f 
00 7c c6 92 8f c3 7f 3f 
3c 66 ce 86 ce 4c 7c 3c 
7e c3 93 c3 73 47 7e 3c 
f0 90 9c 86 93 93 ff 77 
78 4c 7c 48 4c 4c 7c 3c 
3c 26 3e 24 e6 8e fc 78 
f0 9e 92 86 92 93 ff 77 
7c 46 66 26 26 26 3e 1e 
00 fc 96 83 83 ab ff 7f 
00 fc 86 93 93 93 ff 77 
00 7c c6 93 93 c7 7e 3c 
00 fc 86 93 87 9e fc 78 
00 7e c3 93 c3 73 3f 1f 
00 fc 86 93 9f 9f f8 78 
00 7e c3 8e e3 87 fe 7c 
78 cc 86 ce 4c 66 3e 1e 
00 fe 93 93 93 c3 7f 3f 
00 fe 93 93 c7 6e 3c 18 
00 fe ab 83 83 d7 7e 3c 
00 fe 93 c7 c6 93 ff 77 
00 fe 93 c3 73 47 7e 3c 
00 fe 83 e7 ce 83 ff 7f 
3e 23 e7 8f e6 23 3f 1f 
78 4c 4c 4c 4c 4c 7c 3c 
f8 88 ce 63 cf 8f fc 7c 
00 00 fe 8b a3 ff 6e 00 
3f 61 c7 8c 8c c7 61 3f 
00 00 00 00 00 00 00 00
00 00 00 00 00 00 00 00
00 00 00 00 00 00 00 00
00 00 00 00 00 00 00 00
00 00 00 00 00 00 00 00
00 00 00 00 00 00 00 00
00 00 00 00 00 00 00 00
00 00 00 00 00 00 00 00
00 00 00 00 00 00 00 00
00 00 00 00 00 00 00 00
00 00 00 00 00 00 00 00
00 00 00 00 00 00 00 00
00 00 00 00 00 00 00 00
00 00 00 00 00 00 00 00
00 00 00 00 00 00 00 00
00 00 00 00 00 00 00 00
00 00 00 00 00 00 00 00
00 00 00 00 00 00 00 00
00 00 00 00 00 00 00 00
00 00 00 00 00 00 00 00
00 00 00 00 00 00 00 00
00 00 00 00 00 00 00 00
00 00 00 00 00 00 00 00
00 00 00 00 00 00 00 00
00 00 00 00 00 00 00 00
00 00 00 00 00 00 00 00
00 00 00 00 00 00 00 00
00 00 00 00 00 00 00 00
00 00 00 00 00 00 00 00
00 00 00 00 00 00 00 00
00 00 00 00 00 00 00 00
00 00 00 00 00 00 00 00
00 00 00 00 00 00 00 00
00 00 00 00 00 00 00 00
00 00 00 00 00 00 00 00
00 00 00 00 00 00 00 00
00 00 00 00 00 00 00 00
00 00 00 00 00 00 00 00
00 00 00 00 00 00 00 00
00 00 00 00 00 00 00 00
00 00 00 00 00 00 00 00
00 00 00 00 00 00 00 00
00 00 00 00 00 00 00 00
00 00 00 00 00 00 00 00
00 00 00 00 00 00 00 00
00 00 00 00 00 00 00 00
00 00 00 00 00 00 00 00
00 00 00 00 00 00 00 00
00 00 00 00 00 00 00 00
00 00 00 00 00 00 00 00
00 00 00 00 00 00 00 00
00 00 00 00 00 00 00 00
00 00 00 00 00 00 00 00
00 00 00 00 00 00 00 00
00 00 00 00 00 00 00 00
00 00 00 00 00 00 00 00
00 00 00 00 00 00 00 00
00 00 00 00 00 00 00 00
00 00 00 00 00 00 00 00
00 00 00 00 00 00 00 00
00 00 00 00 00 00 00 00
00 00 00 00 00 00 00 00
00 00 00 00 00 00 00 00
00 00 00 00 00 00 00 00
00 00 00 00 00 00 00 00
00 00 00 00 00 00 00 00
00 00 00 00 00 00 00 00
00 00 00 00 00 00 00 00
00 00 00 00 00 00 00 00
00 00 00 00 00 00 00 00
00 00 00 00 00 00 00 00
00 00 00 00 00 00 00 00
00 00 00 00 00 00 00 00
00 00 00 00 00 00 00 00
00 00 00 00 00 00 00 00
00 00 00 00 00 00 00 00
00 00 00 00 00 00 00 00
00 00 00 00 00 00 00 00
00 00 00 00 00 00 00 00
00 00 00 00 00 00 00 00
00 00 00 00 00 00 00 00
00 00 00 00 00 00 00 00
00 00 00 00 00 00 00 00
00 00 00 00 00 00 00 00
00 00 00 00 00 00 00 00
00 00 00 00 00 00 00 00
00 00 00 00 00 00 00 00
00 00 00 00 00 00 00 00
00 00 00 00 00 00 00 00
00 00 00 00 00 00 00 00
00 00 00 00 00 00 00 00
00 00 00 00 00 00 00 00
00 00 00 00 00 00 00 00
00 00 00 00 00 00 00 00
00 00 00 00 00 00 00 00
00 00 00 00 00 00 00 00
00 00 00 00 00 00 00 00
00 00 00 00 00 00 00 00
00 00 00 00 00 00 00 00
00 00 00 00 00 00 00 00
00 00 00 00 00 00 00 00
00 00 00 00 00 00 00 00
00 00 00 00 00 00 00 00
00 00 00 00 00 00 00 00
00 00 00 00 00 00 00 00
00 00 00 00 00 00 00 00
00 00 00 00 00 00 00 00
00 00 00 00 00 00 00 00
00 00 00 00 00 00 00 00
00 00 00 00 00 00 00 00
00 00 00 00 00 00 00 00
00 00 00 00 00 00 00 00
00 00 00 00 00 00 00 00
00 00 00 00 00 00 00 00
00 00 00 00 00 00 00 00
00 00 00 00 00 00 00 00
00 00 00 00 00 00 00 00
00 00 00 00 00 00 00 00
00 00 00 00 00 00 00 00
00 00 00 00 00 00 00 00
00 00 00 00 00 00 00 00
00 00 00 00 00 00 00 00
00 00 00 00 00 00 00 00
00 00 00 00 00 00 00 00
00 00 00 00 00 00 00 00
00 00 00 00 00 00 00 00
00 00 00 00 00 00 00 00
00 00 00 00 00 00 00 00
