42 4d 46 00 08 08 00 01
00 00 00 00 00 00 00 00
00 00 00 00 00 00 00 00
00 00 00 00 00 00 00 00
00 00 00 00 00 00 00 00
00 00 00 00 00 00 00 00
00 00 00 00 00 00 00 00
00 00 00 00 00 00 00 00
00 00 00 00 00 00 00 00
00 00 00 00 00 00 00 00
00 00 00 00 00 00 00 00
00 00 00 00 00 00 00 00
00 00 00 00 00 00 00 00
00 00 00 00 00 00 00 00
00 00 00 00 00 00 00 00
00 00 00 00 00 00 00 00
00 00 00 00 00 00 00 00
00 00 00 00 00 00 00 00
00 00 00 00 00 00 00 00
00 00 00 00 00 00 00 00
00 00 00 00 00 00 00 00
00 00 00 00 00 00 00 00
00 00 00 00 00 00 00 00
00 00 00 00 00 00 00 00
00 00 00 00 00 00 00 00
00 00 00 00 00 00 00 00
00 00 00 00 00 00 00 00
00 00 00 00 00 00 00 00
00 00 00 00 00 00 00 00
00 00 00 00 00 00 00 00
00 00 00 00 00 00 00 00
00 00 00 00 00 00 00 00
00 00 00 00 00 00 00 00
00 00 00 00 00 00 00 00 
0c 0c 18 18 00 30 30 00 
36 36 6c 00 00 00 00 00 
36 36 7e 6c fc d8 d8 00 
0c 1e 3c 18 7c 78 30 00 
70 76 0e 3c 70 6e 0e 00 
0e 1e 30 3e 6c 7c 7c 00 
18 18 30 00 00 00 00 00 
1c 3c 30 60 60 78 38 00 
1c 1e 06 06 0c 3c 38 00 
00 0c 3e 3c 7c 30 00 00 
00 0c 0c 3e 18 18 00 00 
00 00 00 00 00 18 18 30 
00 00 00 7c 00 00 00 00 
00 00 00 00 00 30 30 00 
06 0c 0c 18 18 30 30 00 
0c 1e 36 36 6c 7c 38 00 
0c 1c 38 18 30 30 30 00 
1c 3e 0c 18 30 7c 7c 00 
1e 1e 06 3c 0c 7c 78 00 
0e 1e 2c 7c 7c 18 18 00 
1e 1e 30 3c 0c 7c 78 00 
0c 1c 38 3c 6c 7c 38 00 
1e 3e 0c 0c 18 30 30 00 
0e 1e 36 3c 6c 7c 38 00 
0e 1e 36 3c 0c 78 70 00 
00 00 18 18 00 30 30 00 
00 00 0c 0c 00 18 18 30 
00 04 0c 18 38 1c 0c 00 
00 1e 3c 00 1e 3c 00 00 
00 30 38 1c 18 30 20 00 
1c 2e 0c 18 00 30 30 00 
0e 1e 36 2e 6c 60 78 38 
0e 1e 36 3c 7c 6c 6c 00 
1e 1e 36 3c 6c 7c 78 00 
0e 1e 36 30 6c 7c 38 00 
1e 1e 36 36 6c 7c 78 00 
0e 1e 30 3c 60 7c 78 00 
0e 1e 30 3c 60 60 60 00 
0e 1e 30 36 6c 7c 38 00 
36 36 36 3c 6c 6c 6c 00 
0c 0c 18 18 18 30 30 00 
0e 0e 06 0c 2c 7c 38 00 
36 36 3c 38 78 6c 6c 00 
18 18 30 30 60 7c 7c 00 
63 77 7f 7f d6 c6 c6 00 
36 36 7c 7c dc d8 d8 00 
0e 1e 36 36 6c 7c 38 00 
1e 1e 36 3c 78 60 60 00 
0e 1e 36 36 6c 7e 3e 00 
1e 1e 36 3c 78 6c 6c 00 
0e 1e 30 3c 0c 7c 78 00 
3e 3e 18 18 30 30 30 00 
36 36 36 6c 6c 7c 38 00 
36 36 36 6c 6c 78 70 00 
63 63 6b d6 fe ec cc 00 
36 36 1c 18 38 6c 6c 00 
66 66 3c 38 18 30 30 00 
1e 3e 0c 18 30 7c 7c 00 
1e 1c 30 30 60 78 78 00 
60 30 30 18 18 0c 0c 00 
3c 3c 0c 0c 18 78 78 00 
08 1c 3c 7e 18 30 30 00 
00 00 00 00 00 00 7e fc 
0e 1e 30 7c 60 fc f8 00 
00 00 1e 3e 36 7c 3c 00 
18 18 38 3c 6c 7c 78 00 
00 00 1c 3c 30 7c 38 00 
06 06 1e 3c 6c 7c 78 00 
00 00 1c 3c 74 78 3c 00 
00 0c 1c 30 78 30 60 60 
00 00 1c 3e 36 1c 7c 78 
18 18 38 3c 6c 6c 6c 00 
0c 0c 00 18 18 30 30 00 
06 06 00 0c 0c 18 78 70 
30 30 34 7c 78 6c 6c 00 
0c 0c 18 18 30 30 30 00 
00 00 36 7f 6b d6 d6 00 
00 00 1c 3e 36 6c 6c 00 
00 00 1c 3e 66 7c 38 00 
00 00 1c 3e 36 3c 78 60 
00 00 1c 3e 66 7c 2c 0c 
00 00 36 3e 30 60 60 00 
00 00 1e 3c 18 7c 78 00 
18 18 7c 78 30 7c 38 00 
00 00 36 36 66 7c 38 00 
00 00 36 36 6c 78 70 00 
00 00 6b 6b d6 fe 6c 00 
00 00 36 3c 18 3c 6c 00 
00 00 36 36 3c 1c 38 30 
00 00 1e 3c 18 3e 7c 00 
0e 1e 78 78 30 3c 3c 00 
0c 0c 18 18 30 30 30 00 
3c 3c 0e 0e 18 78 78 00 
36 7e 6c 00 00 00 00 00 
1c 22 5d b9 b1 ba 44 38 
00 00 00 00 00 00 00 00
00 00 00 00 00 00 00 00
00 00 00 00 00 00 00 00
00 00 00 00 00 00 00 00
00 00 00 00 00 00 00 00
00 00 00 00 00 00 00 00
00 00 00 00 00 00 00 00
00 00 00 00 00 00 00 00
00 00 00 00 00 00 00 00
00 00 00 00 00 00 00 00
00 00 00 00 00 00 00 00
00 00 00 00 00 00 00 00
00 00 00 00 00 00 00 00
00 00 00 00 00 00 00 00
00 00 00 00 00 00 00 00
00 00 00 00 00 00 00 00
00 00 00 00 00 00 00 00
00 00 00 00 00 00 00 00
00 00 00 00 00 00 00 00
00 00 00 00 00 00 00 00
00 00 00 00 00 00 00 00
00 00 00 00 00 00 00 00
00 00 00 00 00 00 00 00
00 00 00 00 00 00 00 00
00 00 00 00 00 00 00 00
00 00 00 00 00 00 00 00
00 00 00 00 00 00 00 00
00 00 00 00 00 00 00 00
00 00 00 00 00 00 00 00
00 00 00 00 00 00 00 00
00 00 00 00 00 00 00 00
00 00 00 00 00 00 00 00
00 00 00 00 00 00 00 00
00 00 00 00 00 00 00 00
00 00 00 00 00 00 00 00
00 00 00 00 00 00 00 00
00 00 00 00 00 00 00 00
00 00 00 00 00 00 00 00
00 00 00 00 00 00 00 00
00 00 00 00 00 00 00 00
00 00 00 00 00 00 00 00
00 00 00 00 00 00 00 00
00 00 00 00 00 00 00 00
00 00 00 00 00 00 00 00
00 00 00 00 00 00 00 00
00 00 00 00 00 00 00 00
00 00 00 00 00 00 00 00
00 00 00 00 00 00 00 00
00 00 00 00 00 00 00 00
00 00 00 00 00 00 00 00
00 00 00 00 00 00 00 00
00 00 00 00 00 00 00 00
00 00 00 00 00 00 00 00
00 00 00 00 00 00 00 00
00 00 00 00 00 00 00 00
00 00 00 00 00 00 00 00
00 00 00 00 00 00 00 00
00 00 00 00 00 00 00 00
00 00 00 00 00 00 00 00
00 00 00 00 00 00 00 00
00 00 00 00 00 00 00 00
00 00 00 00 00 00 00 00
00 00 00 00 00 00 00 00
00 00 00 00 00 00 00 00
00 00 00 00 00 00 00 00
00 00 00 00 00 00 00 00
00 00 00 00 00 00 00 00
00 00 00 00 00 00 00 00
00 00 00 00 00 00 00 00
00 00 00 00 00 00 00 00
00 00 00 00 00 00 00 00
00 00 00 00 00 00 00 00
00 00 00 00 00 00 00 00
00 00 00 00 00 00 00 00
00 00 00 00 00 00 00 00
00 00 00 00 00 00 00 00
00 00 00 00 00 00 00 00
00 00 00 00 00 00 00 00
00 00 00 00 00 00 00 00
00 00 00 00 00 00 00 00
00 00 00 00 00 00 00 00
00 00 00 00 00 00 00 00
00 00 00 00 00 00 00 00
00 00 00 00 00 00 00 00
00 00 00 00 00 00 00 00
00 00 00 00 00 00 00 00
00 00 00 00 00 00 00 00
00 00 00 00 00 00 00 00
00 00 00 00 00 00 00 00
00 00 00 00 00 00 00 00
00 00 00 00 00 00 00 00
00 00 00 00 00 00 00 00
00 00 00 00 00 00 00 00
00 00 00 00 00 00 00 00
00 00 00 00 00 00 00 00
00 00 00 00 00 00 00 00
00 00 00 00 00 00 00 00
00 00 00 00 00 00 00 00
00 00 00 00 00 00 00 00
00 00 00 00 00 00 00 00
00 00 00 00 00 00 00 00
00 00 00 00 00 00 00 00
00 00 00 00 00 00 00 00
00 00 00 00 00 00 00 00
00 00 00 00 00 00 00 00
00 00 00 00 00 00 00 00
00 00 00 00 00 00 00 00
00 00 00 00 00 00 00 00
00 00 00 00 00 00 00 00
00 00 00 00 00 00 00 00
00 00 00 00 00 00 00 00
00 00 00 00 00 00 00 00
00 00 00 00 00 00 00 00
00 00 00 00 00 00 00 00
00 00 00 00 00 00 00 00
00 00 00 00 00 00 00 00
00 00 00 00 00 00 00 00
00 00 00 00 00 00 00 00
00 00 00 00 00 00 00 00
00 00 00 00 00 00 00 00
00 00 00 00 00 00 00 00
00 00 00 00 00 00 00 00
00 00 00 00 00 00 00 00
00 00 00 00 00 00 00 00
00 00 00 00 00 00 00 00
00 00 00 00 00 00 00 00
00 00 00 00 00 00 00 00
00 00 00 00 00 00 00 00
