42 4d 46 00 08 08 00 01
00 00 00 00 00 00 00 00
00 00 00 00 00 00 00 00
00 00 00 00 00 00 00 00
00 00 00 00 00 00 00 00
00 00 00 00 00 00 00 00
00 00 00 00 00 00 00 00
00 00 00 00 00 00 00 00
00 00 00 00 00 00 00 00
00 00 00 00 00 00 00 00
00 00 00 00 00 00 00 00
00 00 00 00 00 00 00 00
00 00 00 00 00 00 00 00
00 00 00 00 00 00 00 00
00 00 00 00 00 00 00 00
00 00 00 00 00 00 00 00
00 00 00 00 00 00 00 00
00 00 00 00 00 00 00 00
00 00 00 00 00 00 00 00
00 00 00 00 00 00 00 00
00 00 00 00 00 00 00 00
00 00 00 00 00 00 00 00
00 00 00 00 00 00 00 00
00 00 00 00 00 00 00 00
00 00 00 00 00 00 00 00
00 00 00 00 00 00 00 00
00 00 00 00 00 00 00 00
00 00 00 00 00 00 00 00
00 00 00 00 00 00 00 00
00 00 00 00 00 00 00 00
00 00 00 00 00 00 00 00
00 00 00 00 00 00 00 00
00 00 00 00 00 00 00 00
00 00 00 00 00 00 00 00 
18 18 18 18 18 00 18 00 
24 6c 6c 00 00 00 00 00 
6c fe 6c 6c 28 7c 28 00 
18 fc d6 f0 1e d6 7e 30 
dc ac fc 38 3c 6a ce 00 
e0 f0 d8 70 de cc 7e 00 
08 18 18 00 00 00 00 00 
1c 18 30 30 30 18 1c 00 
38 18 0c 0c 0c 18 38 00 
00 10 7c 38 7c 10 00 00 
00 18 18 7e 18 18 00 00 
00 00 00 00 00 30 30 20 
00 00 00 7e 00 00 00 00 
00 00 00 00 00 18 18 00 
00 02 06 0c 18 30 60 00 
1c 76 66 d6 cc dc 70 00 
38 18 18 18 18 18 7e 00 
f8 8c 06 1c 70 c6 fe 00 
f0 9c 0c 06 1e 86 fe 00 
1c 7c 6c cc cc fe 0c 00 
fe c0 fc 06 0c 9c f0 00 
7e c0 f0 dc cc c6 fe 00 
f0 9c 0c 06 1e 06 0e 00 
38 6c c6 fe 6c c6 fe 00 
fe c6 66 76 1e 0c 78 00 
00 00 30 00 00 30 30 00 
00 00 30 00 00 30 30 70 
0e 18 30 60 30 18 0e 00 
00 00 7e 00 00 7e 00 00 
70 18 0c 06 0c 18 70 00 
f0 9c 0c 06 3e 00 30 00 
3c 62 6d d5 d7 df c0 fe 
e0 f8 d8 cc cc fe c6 00 
f0 dc cc c6 fc c6 fc 00 
1e 72 64 c0 c0 c2 7e 00 
f0 dc cc c6 c6 c6 fc 00 
1e 72 64 c0 f0 c2 fe 00 
1e 72 64 c0 f0 c0 c0 00 
1e 72 64 c0 ce c6 7e 00 
ee c6 c6 c6 fe c6 ee 00 
7e 5a 18 18 5a 9a fe 00 
1e 16 06 06 4c 9c f0 00 
ee c6 cc dc f0 dc c6 00 
f0 d0 c0 c0 66 76 1e 00 
d8 fc d6 d6 c6 c6 ee 00 
f0 dc cc c6 c6 c6 ee 00 
1c 76 66 c6 cc dc 70 00 
fc c6 c6 cc fc e0 c0 00 
1c 76 66 de dc de 76 00 
fc c6 c6 cc dc f6 c6 00 
1e 76 64 e0 7c 06 fc 00 
fe ba 58 18 18 18 18 00 
de d6 c6 c6 cc dc 70 00 
ee ca c6 cc d8 f0 e0 00 
ee c6 d6 d6 dc fc e0 00 
ce c6 ec 38 6e c6 e6 00 
e6 c6 6c 7c 18 18 1c 00 
fe c6 cc 1c f8 c2 fe 00 
3c 34 30 30 30 34 3c 00 
00 40 60 30 18 0c 06 00 
3c 2c 0c 0c 0c 2c 3c 00 
10 38 6c 44 00 00 00 00 
00 00 00 00 00 00 00 ff 
0e 3a 30 78 32 66 fe 00 
00 00 1e 76 66 d6 f6 00 
e0 c0 d0 dc cc c6 fc 00 
00 00 1e 72 60 c6 fe 00 
0e 06 16 76 66 c6 fe 00 
00 00 1c 76 6e c0 fe 00 
0e 3a 30 78 60 68 78 00 
00 00 3e 66 d6 f6 0c 78 
c0 c0 d0 dc cc c6 ce 00 
18 00 38 18 0c 0c 1c 00 
06 00 0e 06 06 0c 5c 70 
e0 c4 cc d8 cc c6 e6 00 
38 18 0c 0c 0c 2c 3c 00 
00 00 f0 dc d4 d6 d6 00 
00 00 f0 dc cc c6 ee 00 
00 00 58 d4 d6 46 3e 00 
00 00 f0 dc dc d6 de c0 
00 00 1e 76 76 d6 f6 06 
00 00 1e 72 66 d0 f0 00 
00 00 7c 60 3c 86 fe 00 
60 f0 60 66 32 3e 0e 00 
00 00 ee c6 66 76 1e 00 
00 00 ee c6 6c 7c 10 00 
00 00 ee d6 d6 7c 38 00 
00 00 ce fc 38 7e e6 00 
00 00 ee c6 6c 7c 18 f0 
00 00 fe 8e 38 e2 fe 00 
0e 18 18 60 18 18 0e 00 
18 18 18 18 18 18 18 00 
70 18 18 06 18 18 70 00 
00 00 e6 d6 ce 00 00 00 
3f 61 cd 95 b1 bd 83 fe 
00 00 00 00 00 00 00 00
00 00 00 00 00 00 00 00
00 00 00 00 00 00 00 00
00 00 00 00 00 00 00 00
00 00 00 00 00 00 00 00
00 00 00 00 00 00 00 00
00 00 00 00 00 00 00 00
00 00 00 00 00 00 00 00
00 00 00 00 00 00 00 00
00 00 00 00 00 00 00 00
00 00 00 00 00 00 00 00
00 00 00 00 00 00 00 00
00 00 00 00 00 00 00 00
00 00 00 00 00 00 00 00
00 00 00 00 00 00 00 00
00 00 00 00 00 00 00 00
00 00 00 00 00 00 00 00
00 00 00 00 00 00 00 00
00 00 00 00 00 00 00 00
00 00 00 00 00 00 00 00
00 00 00 00 00 00 00 00
00 00 00 00 00 00 00 00
00 00 00 00 00 00 00 00
00 00 00 00 00 00 00 00
00 00 00 00 00 00 00 00
00 00 00 00 00 00 00 00
00 00 00 00 00 00 00 00
00 00 00 00 00 00 00 00
00 00 00 00 00 00 00 00
00 00 00 00 00 00 00 00
00 00 00 00 00 00 00 00
00 00 00 00 00 00 00 00
00 00 00 00 00 00 00 00
00 00 00 00 00 00 00 00
00 00 00 00 00 00 00 00
00 00 00 00 00 00 00 00
00 00 00 00 00 00 00 00
00 00 00 00 00 00 00 00
00 00 00 00 00 00 00 00
00 00 00 00 00 00 00 00
00 00 00 00 00 00 00 00
00 00 00 00 00 00 00 00
00 00 00 00 00 00 00 00
00 00 00 00 00 00 00 00
00 00 00 00 00 00 00 00
00 00 00 00 00 00 00 00
00 00 00 00 00 00 00 00
00 00 00 00 00 00 00 00
00 00 00 00 00 00 00 00
00 00 00 00 00 00 00 00
00 00 00 00 00 00 00 00
00 00 00 00 00 00 00 00
00 00 00 00 00 00 00 00
00 00 00 00 00 00 00 00
00 00 00 00 00 00 00 00
00 00 00 00 00 00 00 00
00 00 00 00 00 00 00 00
00 00 00 00 00 00 00 00
00 00 00 00 00 00 00 00
00 00 00 00 00 00 00 00
00 00 00 00 00 00 00 00
00 00 00 00 00 00 00 00
00 00 00 00 00 00 00 00
00 00 00 00 00 00 00 00
00 00 00 00 00 00 00 00
00 00 00 00 00 00 00 00
00 00 00 00 00 00 00 00
00 00 00 00 00 00 00 00
00 00 00 00 00 00 00 00
00 00 00 00 00 00 00 00
00 00 00 00 00 00 00 00
00 00 00 00 00 00 00 00
00 00 00 00 00 00 00 00
00 00 00 00 00 00 00 00
00 00 00 00 00 00 00 00
00 00 00 00 00 00 00 00
00 00 00 00 00 00 00 00
00 00 00 00 00 00 00 00
00 00 00 00 00 00 00 00
00 00 00 00 00 00 00 00
00 00 00 00 00 00 00 00
00 00 00 00 00 00 00 00
00 00 00 00 00 00 00 00
00 00 00 00 00 00 00 00
00 00 00 00 00 00 00 00
00 00 00 00 00 00 00 00
00 00 00 00 00 00 00 00
00 00 00 00 00 00 00 00
00 00 00 00 00 00 00 00
00 00 00 00 00 00 00 00
00 00 00 00 00 00 00 00
00 00 00 00 00 00 00 00
00 00 00 00 00 00 00 00
00 00 00 00 00 00 00 00
00 00 00 00 00 00 00 00
00 00 00 00 00 00 00 00
00 00 00 00 00 00 00 00
00 00 00 00 00 00 00 00
00 00 00 00 00 00 00 00
00 00 00 00 00 00 00 00
00 00 00 00 00 00 00 00
00 00 00 00 00 00 00 00
00 00 00 00 00 00 00 00
00 00 00 00 00 00 00 00
00 00 00 00 00 00 00 00
00 00 00 00 00 00 00 00
00 00 00 00 00 00 00 00
00 00 00 00 00 00 00 00
00 00 00 00 00 00 00 00
00 00 00 00 00 00 00 00
00 00 00 00 00 00 00 00
00 00 00 00 00 00 00 00
00 00 00 00 00 00 00 00
00 00 00 00 00 00 00 00
00 00 00 00 00 00 00 00
00 00 00 00 00 00 00 00
00 00 00 00 00 00 00 00
00 00 00 00 00 00 00 00
00 00 00 00 00 00 00 00
00 00 00 00 00 00 00 00
00 00 00 00 00 00 00 00
00 00 00 00 00 00 00 00
00 00 00 00 00 00 00 00
00 00 00 00 00 00 00 00
00 00 00 00 00 00 00 00
00 00 00 00 00 00 00 00
00 00 00 00 00 00 00 00
00 00 00 00 00 00 00 00
