42 4d 46 00 08 08 00 01
00 00 00 00 00 00 00 00
00 00 00 00 00 00 00 00
00 00 00 00 00 00 00 00
00 00 00 00 00 00 00 00
00 00 00 00 00 00 00 00
00 00 00 00 00 00 00 00
00 00 00 00 00 00 00 00
00 00 00 00 00 00 00 00
00 00 00 00 00 00 00 00
00 00 00 00 00 00 00 00
00 00 00 00 00 00 00 00
00 00 00 00 00 00 00 00
00 00 00 00 00 00 00 00
00 00 00 00 00 00 00 00
00 00 00 00 00 00 00 00
00 00 00 00 00 00 00 00
00 00 00 00 00 00 00 00
00 00 00 00 00 00 00 00
00 00 00 00 00 00 00 00
00 00 00 00 00 00 00 00
00 00 00 00 00 00 00 00
00 00 00 00 00 00 00 00
00 00 00 00 00 00 00 00
00 00 00 00 00 00 00 00
00 00 00 00 00 00 00 00
00 00 00 00 00 00 00 00
00 00 00 00 00 00 00 00
00 00 00 00 00 00 00 00
00 00 00 00 00 00 00 00
00 00 00 00 00 00 00 00
00 00 00 00 00 00 00 00
00 00 00 00 00 00 00 00
00 00 00 00 00 00 00 00 
0c 0c 0c 18 10 00 30 30 
24 36 36 24 48 00 00 00 
12 24 7e 24 6c fe 6c 48 
08 1c 22 18 4e 6e 3c 10 
61 62 0c 18 30 70 e6 e6 
1c 34 30 1d 32 66 7f 3d 
08 0c 0c 08 10 00 00 00 
06 0c 18 10 30 30 3a 1c 
1c 2e 06 06 04 0c 18 30 
20 30 3f 26 64 fc 0c 04 
00 08 08 7e 3c 10 10 00 
00 00 00 00 00 18 18 10 
00 00 00 7e 3e 00 00 00 
00 00 00 00 00 18 18 00 
01 02 0c 18 30 70 e0 e0 
0e 11 31 31 31 33 3e 1c 
06 0e 3c 0c 08 18 38 38 
1c 36 22 06 0c 31 7e 7c 
1c 36 22 0c 02 46 7c 38 
0c 0c 1a 12 64 7f 1e 38 
26 1f 10 3e 33 03 7e 38 
0e 18 30 3c 66 46 7c 38 
42 7f 33 04 0c 18 38 38 
1c 3f 26 18 24 66 7e 3c 
3c 67 67 3e 0c 18 38 38 
00 00 0c 0c 00 18 18 00 
00 00 0c 0c 00 18 18 10 
00 02 0c 18 30 1c 0e 06 
00 00 1e 00 3c 00 00 00 
00 20 18 0c 06 1c 38 30 
3c 36 46 0c 18 00 30 30 
0c 12 35 2b 66 71 3e 1c 
02 06 06 4a 73 3b 67 66 
3e 13 16 5c 76 33 67 7e 
0c 1a 32 20 61 62 76 3c 
3c 12 11 51 71 23 7e 78 
43 7e 10 5c 70 21 67 7e 
43 7e 10 52 7c 24 60 70 
0c 1a 32 20 67 62 76 3c 
31 11 12 52 7e 22 6e 67 
06 02 04 04 2c 1c 18 18 
07 02 02 46 24 6c 7c 38 
41 31 13 26 38 6e 67 63 
18 08 10 10 31 61 7f 76 
61 33 15 29 2a 62 67 63 
61 31 13 2a 26 62 67 63 
3e 13 21 21 61 62 7e 38 
6e 33 11 51 72 3c 60 60 
3e 13 21 21 65 62 7f 39 
6e 33 11 53 7c 28 66 63 
0e 13 11 4c 26 63 73 3e 
67 3e 08 08 18 30 30 30 
63 31 11 21 21 62 7e 3c 
61 31 13 22 24 68 70 60 
63 21 29 69 6b 7a 7e 34 
31 11 0a 0c 3c 76 67 63 
31 11 1a 0c 0c 18 18 18 
33 1e 04 08 10 71 7f 66 
3c 12 20 20 60 60 7e 38 
80 40 30 18 0c 0e 07 07 
1e 02 02 06 04 0c 7c 3c 
04 0c 1e 3e 4b 18 18 38 
00 00 00 00 00 00 00 ff 
0e 19 10 3c 18 31 5f 7e 
00 00 1d 32 62 66 7e 2e 
30 10 2c 36 62 66 76 3c 
00 00 1c 32 60 62 76 3c 
01 01 1b 26 62 66 77 3b 
00 00 1c 26 64 68 66 3c 
06 0a 18 7c 30 30 70 60 
00 00 1e 31 33 1f 46 3c 
30 10 30 2e 33 73 63 66 
0c 00 08 08 18 18 38 30 
02 00 06 02 04 4c 7c 38 
10 10 32 26 3c 6c 6e 66 
04 18 08 18 18 30 3c 38 
00 00 2c 76 52 d6 c6 cc 
00 00 36 19 33 62 66 66 
00 00 1c 32 62 62 76 3c 
00 00 16 39 31 7b 6e 60 
00 00 1c 32 63 6e 37 06 
00 00 36 1b 33 70 60 60 
00 00 1c 32 18 4c 6e 3c 
18 10 7c 30 60 62 74 3c 
00 00 12 23 21 62 7e 3c 
00 00 43 22 24 78 70 60 
00 00 63 29 6b 6a 7e 34 
00 00 33 12 1c 3c 76 67 
00 00 31 13 1a 1c b8 70 
00 00 23 1e 0c 18 3d 77 
0f 04 08 70 18 18 1f 0e 
04 04 08 18 18 30 30 30 
1c 0c 04 0f 08 18 78 38 
10 1e 78 08 00 00 00 00 
3c 42 99 a1 a1 99 42 3c 
00 00 00 00 00 00 00 00
00 00 00 00 00 00 00 00
00 00 00 00 00 00 00 00
00 00 00 00 00 00 00 00
00 00 00 00 00 00 00 00
00 00 00 00 00 00 00 00
00 00 00 00 00 00 00 00
00 00 00 00 00 00 00 00
00 00 00 00 00 00 00 00
00 00 00 00 00 00 00 00
00 00 00 00 00 00 00 00
00 00 00 00 00 00 00 00
00 00 00 00 00 00 00 00
00 00 00 00 00 00 00 00
00 00 00 00 00 00 00 00
00 00 00 00 00 00 00 00
00 00 00 00 00 00 00 00
00 00 00 00 00 00 00 00
00 00 00 00 00 00 00 00
00 00 00 00 00 00 00 00
00 00 00 00 00 00 00 00
00 00 00 00 00 00 00 00
00 00 00 00 00 00 00 00
00 00 00 00 00 00 00 00
00 00 00 00 00 00 00 00
00 00 00 00 00 00 00 00
00 00 00 00 00 00 00 00
00 00 00 00 00 00 00 00
00 00 00 00 00 00 00 00
00 00 00 00 00 00 00 00
00 00 00 00 00 00 00 00
00 00 00 00 00 00 00 00
00 00 00 00 00 00 00 00
00 00 00 00 00 00 00 00
00 00 00 00 00 00 00 00
00 00 00 00 00 00 00 00
00 00 00 00 00 00 00 00
00 00 00 00 00 00 00 00
00 00 00 00 00 00 00 00
00 00 00 00 00 00 00 00
00 00 00 00 00 00 00 00
00 00 00 00 00 00 00 00
00 00 00 00 00 00 00 00
00 00 00 00 00 00 00 00
00 00 00 00 00 00 00 00
00 00 00 00 00 00 00 00
00 00 00 00 00 00 00 00
00 00 00 00 00 00 00 00
00 00 00 00 00 00 00 00
00 00 00 00 00 00 00 00
00 00 00 00 00 00 00 00
00 00 00 00 00 00 00 00
00 00 00 00 00 00 00 00
00 00 00 00 00 00 00 00
00 00 00 00 00 00 00 00
00 00 00 00 00 00 00 00
00 00 00 00 00 00 00 00
00 00 00 00 00 00 00 00
00 00 00 00 00 00 00 00
00 00 00 00 00 00 00 00
00 00 00 00 00 00 00 00
00 00 00 00 00 00 00 00
00 00 00 00 00 00 00 00
00 00 00 00 00 00 00 00
00 00 00 00 00 00 00 00
00 00 00 00 00 00 00 00
00 00 00 00 00 00 00 00
00 00 00 00 00 00 00 00
00 00 00 00 00 00 00 00
00 00 00 00 00 00 00 00
00 00 00 00 00 00 00 00
00 00 00 00 00 00 00 00
00 00 00 00 00 00 00 00
00 00 00 00 00 00 00 00
00 00 00 00 00 00 00 00
00 00 00 00 00 00 00 00
00 00 00 00 00 00 00 00
00 00 00 00 00 00 00 00
00 00 00 00 00 00 00 00
00 00 00 00 00 00 00 00
00 00 00 00 00 00 00 00
00 00 00 00 00 00 00 00
00 00 00 00 00 00 00 00
00 00 00 00 00 00 00 00
00 00 00 00 00 00 00 00
00 00 00 00 00 00 00 00
00 00 00 00 00 00 00 00
00 00 00 00 00 00 00 00
00 00 00 00 00 00 00 00
00 00 00 00 00 00 00 00
00 00 00 00 00 00 00 00
00 00 00 00 00 00 00 00
00 00 00 00 00 00 00 00
00 00 00 00 00 00 00 00
00 00 00 00 00 00 00 00
00 00 00 00 00 00 00 00
00 00 00 00 00 00 00 00
00 00 00 00 00 00 00 00
00 00 00 00 00 00 00 00
00 00 00 00 00 00 00 00
00 00 00 00 00 00 00 00
00 00 00 00 00 00 00 00
00 00 00 00 00 00 00 00
00 00 00 00 00 00 00 00
00 00 00 00 00 00 00 00
00 00 00 00 00 00 00 00
00 00 00 00 00 00 00 00
00 00 00 00 00 00 00 00
00 00 00 00 00 00 00 00
00 00 00 00 00 00 00 00
00 00 00 00 00 00 00 00
00 00 00 00 00 00 00 00
00 00 00 00 00 00 00 00
00 00 00 00 00 00 00 00
00 00 00 00 00 00 00 00
00 00 00 00 00 00 00 00
00 00 00 00 00 00 00 00
00 00 00 00 00 00 00 00
00 00 00 00 00 00 00 00
00 00 00 00 00 00 00 00
00 00 00 00 00 00 00 00
00 00 00 00 00 00 00 00
00 00 00 00 00 00 00 00
00 00 00 00 00 00 00 00
00 00 00 00 00 00 00 00
00 00 00 00 00 00 00 00
00 00 00 00 00 00 00 00
00 00 00 00 00 00 00 00
