42 4d 46 00 08 08 00 01
00 00 00 00 00 00 00 00
00 00 00 00 00 00 00 00
00 00 00 00 00 00 00 00
00 00 00 00 00 00 00 00
00 00 00 00 00 00 00 00
00 00 00 00 00 00 00 00
00 00 00 00 00 00 00 00
00 00 00 00 00 00 00 00
00 00 00 00 00 00 00 00
00 00 00 00 00 00 00 00
00 00 00 00 00 00 00 00
00 00 00 00 00 00 00 00
00 00 00 00 00 00 00 00
00 00 00 00 00 00 00 00
00 00 00 00 00 00 00 00
00 00 00 00 00 00 00 00
00 00 00 00 00 00 00 00
00 00 00 00 00 00 00 00
00 00 00 00 00 00 00 00
00 00 00 00 00 00 00 00
00 00 00 00 00 00 00 00
00 00 00 00 00 00 00 00
00 00 00 00 00 00 00 00
00 00 00 00 00 00 00 00
00 00 00 00 00 00 00 00
00 00 00 00 00 00 00 00
00 00 00 00 00 00 00 00
00 00 00 00 00 00 00 00
00 00 00 00 00 00 00 00
00 00 00 00 00 00 00 00
00 00 00 00 00 00 00 00
00 00 00 00 00 00 00 00
00 00 00 00 00 00 00 00 
00 20 10 10 08 00 04 00 
08 48 44 24 20 00 00 00 
10 5c e8 46 2c 74 10 00 
18 60 ac b2 4a 0c 30 00 
00 22 44 08 10 22 44 00 
10 74 88 b8 46 4c 30 00 
10 10 08 08 00 00 00 00 
10 60 80 80 40 4c 30 00 
18 64 04 02 02 0c 10 00 
10 10 28 c6 28 10 10 00 
20 20 1c 30 48 08 00 00 
00 00 00 00 00 08 14 00 
00 00 0c 30 40 00 00 00 
00 00 00 00 00 08 10 00 
00 00 02 04 08 10 20 00 
18 64 84 92 42 4c 30 00 
10 10 30 08 0a 0c 10 00 
18 64 84 18 22 4c 70 00 
18 64 8c 32 02 4c 30 00 
04 84 8c 72 02 02 00 00 
18 60 8c b2 42 0c 30 00 
18 60 8c b2 42 4c 30 00 
18 64 84 08 08 08 10 00 
18 64 8c b2 42 4c 30 00 
18 64 8c b2 42 0c 30 00 
00 00 08 10 00 08 10 00 
00 00 08 10 00 08 14 00 
00 08 10 20 40 30 0c 00 
00 0c 30 42 0c 30 00 00 
00 60 18 04 08 10 20 00 
18 64 88 10 00 08 10 00 
18 64 ac 90 42 4c 30 00 
18 64 8c b2 42 40 20 00 
10 68 8c b2 42 4c 30 00 
18 64 80 82 42 4c 30 00 
18 64 82 82 44 4c 30 00 
18 60 8c b0 42 4c 30 00 
18 60 8c b0 40 40 20 00 
18 60 8c 92 42 4c 30 00 
08 04 8c b2 42 40 20 00 
18 60 90 10 0a 0c 30 00 
08 04 04 02 02 4c 30 00 
08 08 90 ac 42 40 20 00 
00 00 80 80 42 4c 30 00 
08 0c f4 92 42 40 20 00 
08 04 c4 ba 46 40 20 00 
18 64 84 82 42 4c 30 00 
18 64 88 b0 40 40 20 00 
18 64 84 82 4c 4a 30 00 
18 64 8c b8 46 40 20 00 
18 60 8c b2 42 0c 30 00 
18 60 90 10 08 08 00 00 
08 04 84 82 42 4c 30 00 
08 04 84 84 44 3c 00 00 
08 04 94 92 4a 4c 30 00 
04 08 d0 38 16 20 40 00 
08 04 88 b0 48 04 00 00 
18 68 88 10 22 4c 70 00 
00 60 80 80 40 48 30 00 
00 00 40 20 10 08 04 00 
18 64 04 02 02 0c 10 00 
00 78 60 50 48 04 00 00 
00 00 00 00 00 00 00 ff 
18 64 80 b0 c2 4c 30 00 
00 00 0c 32 46 4a 30 00 
00 00 8c b2 42 4c 30 00 
00 00 0c 30 42 4c 30 00 
08 04 0c 32 42 4c 30 00 
00 00 0c 34 4a 5c 30 00 
0c 10 20 28 50 10 08 00 
00 08 34 44 4a 32 0c 10 
00 00 80 98 64 42 20 00 
00 20 00 10 08 08 04 00 
00 00 20 00 10 08 08 30 
00 00 88 90 6c 42 20 00 
00 00 20 60 10 10 08 00 
00 00 0c 32 4a 48 20 00 
00 00 0c 32 42 40 20 00 
00 00 0c 32 42 4c 30 00 
00 00 0c 32 4e 70 20 10 
00 00 08 34 4c 72 02 00 
00 00 0c 30 40 40 20 00 
00 0c 30 4c 32 0c 30 00 
00 00 80 b0 42 4c 30 00 
00 00 04 02 42 4c 30 00 
00 00 04 84 64 3c 00 00 
00 00 04 12 4a 4c 30 00 
00 00 04 68 18 16 20 00 
00 08 04 44 4a 32 0c 10 
00 00 0c 38 52 1c 30 00 
08 30 40 40 60 a6 18 00 
00 40 20 20 10 10 08 00 
30 ca 0c 04 04 18 20 00 
08 64 b4 98 40 00 00 00 
18 64 9a a2 55 59 26 18 
00 00 00 00 00 00 00 00
00 00 00 00 00 00 00 00
00 00 00 00 00 00 00 00
00 00 00 00 00 00 00 00
00 00 00 00 00 00 00 00
00 00 00 00 00 00 00 00
00 00 00 00 00 00 00 00
00 00 00 00 00 00 00 00
00 00 00 00 00 00 00 00
00 00 00 00 00 00 00 00
00 00 00 00 00 00 00 00
00 00 00 00 00 00 00 00
00 00 00 00 00 00 00 00
00 00 00 00 00 00 00 00
00 00 00 00 00 00 00 00
00 00 00 00 00 00 00 00
00 00 00 00 00 00 00 00
00 00 00 00 00 00 00 00
00 00 00 00 00 00 00 00
00 00 00 00 00 00 00 00
00 00 00 00 00 00 00 00
00 00 00 00 00 00 00 00
00 00 00 00 00 00 00 00
00 00 00 00 00 00 00 00
00 00 00 00 00 00 00 00
00 00 00 00 00 00 00 00
00 00 00 00 00 00 00 00
00 00 00 00 00 00 00 00
00 00 00 00 00 00 00 00
00 00 00 00 00 00 00 00
00 00 00 00 00 00 00 00
00 00 00 00 00 00 00 00
00 00 00 00 00 00 00 00
00 00 00 00 00 00 00 00
00 00 00 00 00 00 00 00
00 00 00 00 00 00 00 00
00 00 00 00 00 00 00 00
00 00 00 00 00 00 00 00
00 00 00 00 00 00 00 00
00 00 00 00 00 00 00 00
00 00 00 00 00 00 00 00
00 00 00 00 00 00 00 00
00 00 00 00 00 00 00 00
00 00 00 00 00 00 00 00
00 00 00 00 00 00 00 00
00 00 00 00 00 00 00 00
00 00 00 00 00 00 00 00
00 00 00 00 00 00 00 00
00 00 00 00 00 00 00 00
00 00 00 00 00 00 00 00
00 00 00 00 00 00 00 00
00 00 00 00 00 00 00 00
00 00 00 00 00 00 00 00
00 00 00 00 00 00 00 00
00 00 00 00 00 00 00 00
00 00 00 00 00 00 00 00
00 00 00 00 00 00 00 00
00 00 00 00 00 00 00 00
00 00 00 00 00 00 00 00
00 00 00 00 00 00 00 00
00 00 00 00 00 00 00 00
00 00 00 00 00 00 00 00
00 00 00 00 00 00 00 00
00 00 00 00 00 00 00 00
00 00 00 00 00 00 00 00
00 00 00 00 00 00 00 00
00 00 00 00 00 00 00 00
00 00 00 00 00 00 00 00
00 00 00 00 00 00 00 00
00 00 00 00 00 00 00 00
00 00 00 00 00 00 00 00
00 00 00 00 00 00 00 00
00 00 00 00 00 00 00 00
00 00 00 00 00 00 00 00
00 00 00 00 00 00 00 00
00 00 00 00 00 00 00 00
00 00 00 00 00 00 00 00
00 00 00 00 00 00 00 00
00 00 00 00 00 00 00 00
00 00 00 00 00 00 00 00
00 00 00 00 00 00 00 00
00 00 00 00 00 00 00 00
00 00 00 00 00 00 00 00
00 00 00 00 00 00 00 00
00 00 00 00 00 00 00 00
00 00 00 00 00 00 00 00
00 00 00 00 00 00 00 00
00 00 00 00 00 00 00 00
00 00 00 00 00 00 00 00
00 00 00 00 00 00 00 00
00 00 00 00 00 00 00 00
00 00 00 00 00 00 00 00
00 00 00 00 00 00 00 00
00 00 00 00 00 00 00 00
00 00 00 00 00 00 00 00
00 00 00 00 00 00 00 00
00 00 00 00 00 00 00 00
00 00 00 00 00 00 00 00
00 00 00 00 00 00 00 00
00 00 00 00 00 00 00 00
00 00 00 00 00 00 00 00
00 00 00 00 00 00 00 00
00 00 00 00 00 00 00 00
00 00 00 00 00 00 00 00
00 00 00 00 00 00 00 00
00 00 00 00 00 00 00 00
00 00 00 00 00 00 00 00
00 00 00 00 00 00 00 00
00 00 00 00 00 00 00 00
00 00 00 00 00 00 00 00
00 00 00 00 00 00 00 00
00 00 00 00 00 00 00 00
00 00 00 00 00 00 00 00
00 00 00 00 00 00 00 00
00 00 00 00 00 00 00 00
00 00 00 00 00 00 00 00
00 00 00 00 00 00 00 00
00 00 00 00 00 00 00 00
00 00 00 00 00 00 00 00
00 00 00 00 00 00 00 00
00 00 00 00 00 00 00 00
00 00 00 00 00 00 00 00
00 00 00 00 00 00 00 00
00 00 00 00 00 00 00 00
00 00 00 00 00 00 00 00
00 00 00 00 00 00 00 00
00 00 00 00 00 00 00 00
00 00 00 00 00 00 00 00
