42 4d 46 00 08 08 00 01
00 00 00 00 00 00 00 00
00 00 00 00 00 00 00 00
00 00 00 00 00 00 00 00
00 00 00 00 00 00 00 00
00 00 00 00 00 00 00 00
00 00 00 00 00 00 00 00
00 00 00 00 00 00 00 00
00 00 00 00 00 00 00 00
00 00 00 00 00 00 00 00
00 00 00 00 00 00 00 00
00 00 00 00 00 00 00 00
00 00 00 00 00 00 00 00
00 00 00 00 00 00 00 00
00 00 00 00 00 00 00 00
00 00 00 00 00 00 00 00
00 00 00 00 00 00 00 00
00 00 00 00 00 00 00 00
00 00 00 00 00 00 00 00
00 00 00 00 00 00 00 00
00 00 00 00 00 00 00 00
00 00 00 00 00 00 00 00
00 00 00 00 00 00 00 00
00 00 00 00 00 00 00 00
00 00 00 00 00 00 00 00
00 00 00 00 00 00 00 00
00 00 00 00 00 00 00 00
00 00 00 00 00 00 00 00
00 00 00 00 00 00 00 00
00 00 00 00 00 00 00 00
00 00 00 00 00 00 00 00
00 00 00 00 00 00 00 00
00 00 00 00 00 00 00 00
00 00 00 00 00 00 00 00 
0c 0c 18 18 18 00 30 30 
66 ee cc 00 00 00 00 00 
36 7f 7f 36 36 7f 7f 36 
0c 1e 3e 30 1c 7c 78 30 
60 66 0e 1c 38 70 66 06 
1e 3c 60 37 76 c6 fc 7c 
18 38 30 00 00 00 00 00 
0e 3c 30 60 60 70 7c 38 
1c 3e 0e 06 06 0c 3c 70 
08 5a 7e 7c fc b4 20 00 
00 18 18 7e fc 30 30 00 
00 00 00 00 00 18 38 30 
00 00 00 3e 7c 00 00 00 
00 00 00 00 00 18 18 00 
03 07 0e 1c 38 70 e0 c0 
1e 3f 63 66 66 c6 fc 78 
0c 3c 38 18 18 18 30 30 
1e 3f 07 0e 1c 70 fe fc 
1f 3f 06 1c 3e 06 7c f8 
0e 1e 36 66 ff fe 18 18 
1f 1e 30 3c 3e 06 7c 78 
0e 1c 30 7c 7e c6 fc 78 
3f 7e 06 0c 0c 18 18 30 
1e 3f 63 3e 7c c6 fc 78 
1e 3f 63 7e 3e 0c 38 70 
00 18 18 00 00 18 18 00 
00 18 18 00 00 18 38 30 
06 0e 1c 38 70 38 1c 0c 
00 3e 7c 00 3e 7c 00 00 
30 38 1c 0e 1c 38 70 60 
1e 3f 63 0e 1c 00 38 70 
1c 3e 6e db df e0 7e 3c 
0e 1e 36 36 7e 7e cc cc 
3e 7f 33 3c 7e 66 fc f8 
0f 1e 30 60 60 70 3e 1c 
3e 7e 33 63 63 66 fc f8 
3e 3c 60 7c 78 60 fc f8 
3e 3c 60 7c 78 60 e0 c0 
1e 3c 60 c7 ce e6 7c 38 
33 33 66 7e 7e 66 cc cc 
0c 0c 18 18 18 18 30 30 
06 06 0c 0c cc dc f8 70 
33 33 66 7c 78 6c ce c6 
30 30 60 60 60 60 fe fc 
33 3f 7e 7e 66 66 cc cc 
33 3b 7e 7e 6e 66 cc cc 
1c 7e 67 c3 c3 e6 7e 38 
3e 7f 33 7e 7c 60 c0 c0 
1c 7e 67 c3 cb ee 7e 36 
3e 7f 33 7e 78 7c ce c6 
0f 1f 30 3c 1e 06 7c f8 
3f 7e 18 18 18 30 30 30 
33 33 63 66 66 66 7c 38 
33 33 33 36 66 6c 78 70 
33 33 66 66 7e 7e fc cc 
33 33 3e 1c 38 7c cc cc 
33 33 36 3c 38 18 30 30 
3e 7c 0c 18 30 60 fe 7c 
3e 3c 30 30 30 60 7c 78 
c0 e0 70 38 1c 0e 07 03 
1e 3e 06 0c 0c 0c 3c 7c 
0c 1c 3e 7e 18 18 30 30 
00 00 00 00 00 00 ff ff 
1e 3e 60 78 f0 60 fe fc 
00 00 3e 7e 66 cc fc 7c 
30 30 7c 7e 66 66 fc f8 
00 00 1e 3c 60 60 7c 38 
03 03 1f 7e 66 c6 fc 7c 
00 00 1c 7e 6e e8 fe 7c 
0f 1e 18 7e fc 30 70 60 
00 00 3f 67 3e 06 7c f8 
30 70 3c 7e 66 66 cc cc 
0c 0c 00 18 18 18 30 30 
06 06 00 0c 0c 0c 78 70 
30 30 66 6c 78 7c cc cc 
0c 0c 18 18 18 18 30 30 
00 00 33 3f 7e 7e cc cc 
00 00 7c fe 66 66 cc cc 
00 00 3c 7e 66 c6 fc 78 
00 00 3c 3e 66 7e fc c0 
00 00 1f 3f 66 7e 3c 0c 
00 00 1f 3e 30 30 60 60 
00 00 1f 3e 30 1c 7c f8 
18 18 7e 7c 30 60 7e 3c 
00 00 66 66 cc cc f8 70 
00 00 33 33 66 6c 78 70 
00 00 33 33 6e 7e fc cc 
00 00 33 36 3c 3c 6c cc 
00 00 33 66 7e 0c 7c f8 
00 00 3e 7e 0c 30 7e fc 
1e 1e 18 78 78 18 1e 1e 
18 18 18 18 18 18 18 18 
78 78 18 1e 1e 18 78 78 
36 7e 6c 00 00 00 00 00 
3c 42 9d b1 b1 9d 42 3c 
00 00 00 00 00 00 00 00
00 00 00 00 00 00 00 00
00 00 00 00 00 00 00 00
00 00 00 00 00 00 00 00
00 00 00 00 00 00 00 00
00 00 00 00 00 00 00 00
00 00 00 00 00 00 00 00
00 00 00 00 00 00 00 00
00 00 00 00 00 00 00 00
00 00 00 00 00 00 00 00
00 00 00 00 00 00 00 00
00 00 00 00 00 00 00 00
00 00 00 00 00 00 00 00
00 00 00 00 00 00 00 00
00 00 00 00 00 00 00 00
00 00 00 00 00 00 00 00
00 00 00 00 00 00 00 00
00 00 00 00 00 00 00 00
00 00 00 00 00 00 00 00
00 00 00 00 00 00 00 00
00 00 00 00 00 00 00 00
00 00 00 00 00 00 00 00
00 00 00 00 00 00 00 00
00 00 00 00 00 00 00 00
00 00 00 00 00 00 00 00
00 00 00 00 00 00 00 00
00 00 00 00 00 00 00 00
00 00 00 00 00 00 00 00
00 00 00 00 00 00 00 00
00 00 00 00 00 00 00 00
00 00 00 00 00 00 00 00
00 00 00 00 00 00 00 00
00 00 00 00 00 00 00 00
00 00 00 00 00 00 00 00
00 00 00 00 00 00 00 00
00 00 00 00 00 00 00 00
00 00 00 00 00 00 00 00
00 00 00 00 00 00 00 00
00 00 00 00 00 00 00 00
00 00 00 00 00 00 00 00
00 00 00 00 00 00 00 00
00 00 00 00 00 00 00 00
00 00 00 00 00 00 00 00
00 00 00 00 00 00 00 00
00 00 00 00 00 00 00 00
00 00 00 00 00 00 00 00
00 00 00 00 00 00 00 00
00 00 00 00 00 00 00 00
00 00 00 00 00 00 00 00
00 00 00 00 00 00 00 00
00 00 00 00 00 00 00 00
00 00 00 00 00 00 00 00
00 00 00 00 00 00 00 00
00 00 00 00 00 00 00 00
00 00 00 00 00 00 00 00
00 00 00 00 00 00 00 00
00 00 00 00 00 00 00 00
00 00 00 00 00 00 00 00
00 00 00 00 00 00 00 00
00 00 00 00 00 00 00 00
00 00 00 00 00 00 00 00
00 00 00 00 00 00 00 00
00 00 00 00 00 00 00 00
00 00 00 00 00 00 00 00
00 00 00 00 00 00 00 00
00 00 00 00 00 00 00 00
00 00 00 00 00 00 00 00
00 00 00 00 00 00 00 00
00 00 00 00 00 00 00 00
00 00 00 00 00 00 00 00
00 00 00 00 00 00 00 00
00 00 00 00 00 00 00 00
00 00 00 00 00 00 00 00
00 00 00 00 00 00 00 00
00 00 00 00 00 00 00 00
00 00 00 00 00 00 00 00
00 00 00 00 00 00 00 00
00 00 00 00 00 00 00 00
00 00 00 00 00 00 00 00
00 00 00 00 00 00 00 00
00 00 00 00 00 00 00 00
00 00 00 00 00 00 00 00
00 00 00 00 00 00 00 00
00 00 00 00 00 00 00 00
00 00 00 00 00 00 00 00
00 00 00 00 00 00 00 00
00 00 00 00 00 00 00 00
00 00 00 00 00 00 00 00
00 00 00 00 00 00 00 00
00 00 00 00 00 00 00 00
00 00 00 00 00 00 00 00
00 00 00 00 00 00 00 00
00 00 00 00 00 00 00 00
00 00 00 00 00 00 00 00
00 00 00 00 00 00 00 00
00 00 00 00 00 00 00 00
00 00 00 00 00 00 00 00
00 00 00 00 00 00 00 00
00 00 00 00 00 00 00 00
00 00 00 00 00 00 00 00
00 00 00 00 00 00 00 00
00 00 00 00 00 00 00 00
00 00 00 00 00 00 00 00
00 00 00 00 00 00 00 00
00 00 00 00 00 00 00 00
00 00 00 00 00 00 00 00
00 00 00 00 00 00 00 00
00 00 00 00 00 00 00 00
00 00 00 00 00 00 00 00
00 00 00 00 00 00 00 00
00 00 00 00 00 00 00 00
00 00 00 00 00 00 00 00
00 00 00 00 00 00 00 00
00 00 00 00 00 00 00 00
00 00 00 00 00 00 00 00
00 00 00 00 00 00 00 00
00 00 00 00 00 00 00 00
00 00 00 00 00 00 00 00
00 00 00 00 00 00 00 00
00 00 00 00 00 00 00 00
00 00 00 00 00 00 00 00
00 00 00 00 00 00 00 00
00 00 00 00 00 00 00 00
00 00 00 00 00 00 00 00
00 00 00 00 00 00 00 00
00 00 00 00 00 00 00 00
00 00 00 00 00 00 00 00
00 00 00 00 00 00 00 00
