42 4d 46 00 08 08 00 01
00 00 00 00 00 00 00 00
00 00 00 00 00 00 00 00
00 00 00 00 00 00 00 00
00 00 00 00 00 00 00 00
00 00 00 00 00 00 00 00
00 00 00 00 00 00 00 00
00 00 00 00 00 00 00 00
00 00 00 00 00 00 00 00
00 00 00 00 00 00 00 00
00 00 00 00 00 00 00 00
00 00 00 00 00 00 00 00
00 00 00 00 00 00 00 00
00 00 00 00 00 00 00 00
00 00 00 00 00 00 00 00
00 00 00 00 00 00 00 00
00 00 00 00 00 00 00 00
00 00 00 00 00 00 00 00
00 00 00 00 00 00 00 00
00 00 00 00 00 00 00 00
00 00 00 00 00 00 00 00
00 00 00 00 00 00 00 00
00 00 00 00 00 00 00 00
00 00 00 00 00 00 00 00
00 00 00 00 00 00 00 00
00 00 00 00 00 00 00 00
00 00 00 00 00 00 00 00
00 00 00 00 00 00 00 00
00 00 00 00 00 00 00 00
00 00 00 00 00 00 00 00
00 00 00 00 00 00 00 00
00 00 00 00 00 00 00 00
00 00 00 00 00 00 00 00
00 00 00 00 00 00 00 00 
08 08 08 10 10 10 00 30 
66 88 00 00 00 00 00 00 
00 24 7e 24 48 fc 48 00 
08 1c 2a 18 14 52 3c 10 
00 62 64 08 10 16 26 40 
18 24 20 20 56 88 88 76 
18 20 00 00 00 00 00 00 
0c 10 20 40 40 40 20 18 
18 04 02 02 02 04 08 30 
08 12 54 28 54 90 20 00 
08 08 10 fe 10 20 20 00 
00 00 00 00 00 00 18 20 
00 00 00 7e 00 00 00 00 
00 00 00 00 00 00 30 00 
08 08 10 10 10 20 20 20 
3a 44 4a 92 92 a4 44 b8 
04 0c 34 08 08 08 10 10 
1c 22 22 04 18 20 42 fc 
1f 22 04 18 44 84 88 70 
10 22 24 44 7e 04 08 08 
3e 42 40 78 04 82 84 78 
0c 30 40 9c a2 82 44 38 
7e 82 04 3e 08 10 10 20 
3c 42 44 38 44 82 42 3c 
38 44 82 8a 72 04 18 60 
00 00 18 00 00 00 30 00 
00 00 0c 00 00 00 18 20 
08 10 20 60 20 10 08 08 
00 00 3e 00 7c 00 00 00 
20 10 08 0c 08 10 20 20 
3c 42 42 04 08 10 00 30 
1c 22 5a aa ac 90 42 3c 
04 0a 12 22 7a 46 82 82 
3c 42 44 58 44 82 82 bc 
1c 22 40 80 80 82 44 38 
78 84 02 42 42 84 88 f0 
1c 22 42 70 40 80 82 7c 
3c 22 40 78 40 80 80 80 
1c 22 40 80 9e 84 8c 76 
21 21 21 7e 42 42 42 82 
3e 08 08 08 10 10 10 7c 
07 02 02 02 44 84 88 70 
22 22 24 48 70 c8 44 43 
40 40 40 40 80 80 c2 bc 
22 22 36 5a 52 42 82 82 
21 22 52 52 54 94 8c 84 
18 24 42 82 82 82 44 38 
3c c2 02 4c 50 80 80 80 
38 44 82 82 22 54 49 36 
3c c2 02 4c 50 90 88 86 
06 09 10 0c 42 82 84 78 
fe 10 10 10 10 20 20 20 
24 42 42 82 84 84 88 70 
82 42 44 48 48 50 60 40 
81 81 4a 4a 5a 24 24 24 
42 24 18 18 28 24 42 42 
42 42 24 28 10 10 20 40 
3e 44 08 7c 20 40 82 fc 
1c 10 10 10 20 20 20 38 
20 20 10 10 10 08 08 08 
1c 04 04 04 08 08 08 38 
10 38 54 92 20 20 20 20 
00 00 00 00 00 00 00 f8 
1e 22 40 f0 40 80 c2 bc 
00 00 1a 24 44 4c 36 00 
10 20 2c 32 42 64 58 00 
00 00 1c 22 40 42 3c 00 
02 02 34 4c 84 8c 72 00 
00 00 18 24 78 40 3c 00 
0c 12 10 7c 10 20 20 20 
00 00 3a 46 42 3c 04 78 
10 20 2c 32 42 44 44 00 
18 00 10 10 20 20 18 00 
06 00 04 04 04 08 48 30 
08 10 12 24 38 24 42 00 
08 10 10 10 20 20 18 00 
00 00 76 49 49 82 82 00 
00 00 2c 32 42 44 44 00 
00 00 1c 22 42 44 38 00 
00 00 3c 22 22 64 58 40 
00 00 1a 26 42 4c 34 04 
00 00 2c 32 22 40 40 00 
00 00 1c 20 18 44 38 00 
08 10 7e 10 20 24 18 00 
00 00 12 22 42 4c 34 00 
00 00 42 24 28 30 20 00 
00 00 22 42 92 94 68 00 
00 00 24 18 18 24 44 00 
00 00 22 42 24 18 10 60 
00 00 3c 08 10 22 7c 00 
06 08 08 70 10 10 10 0c 
08 08 08 08 10 10 10 10 
30 08 08 0e 08 10 10 60 
00 28 50 00 00 00 00 00 
3c 42 99 a5 41 45 3a 04 
00 00 00 00 00 00 00 00
00 00 00 00 00 00 00 00
00 00 00 00 00 00 00 00
00 00 00 00 00 00 00 00
00 00 00 00 00 00 00 00
00 00 00 00 00 00 00 00
00 00 00 00 00 00 00 00
00 00 00 00 00 00 00 00
00 00 00 00 00 00 00 00
00 00 00 00 00 00 00 00
00 00 00 00 00 00 00 00
00 00 00 00 00 00 00 00
00 00 00 00 00 00 00 00
00 00 00 00 00 00 00 00
00 00 00 00 00 00 00 00
00 00 00 00 00 00 00 00
00 00 00 00 00 00 00 00
00 00 00 00 00 00 00 00
00 00 00 00 00 00 00 00
00 00 00 00 00 00 00 00
00 00 00 00 00 00 00 00
00 00 00 00 00 00 00 00
00 00 00 00 00 00 00 00
00 00 00 00 00 00 00 00
00 00 00 00 00 00 00 00
00 00 00 00 00 00 00 00
00 00 00 00 00 00 00 00
00 00 00 00 00 00 00 00
00 00 00 00 00 00 00 00
00 00 00 00 00 00 00 00
00 00 00 00 00 00 00 00
00 00 00 00 00 00 00 00
00 00 00 00 00 00 00 00
00 00 00 00 00 00 00 00
00 00 00 00 00 00 00 00
00 00 00 00 00 00 00 00
00 00 00 00 00 00 00 00
00 00 00 00 00 00 00 00
00 00 00 00 00 00 00 00
00 00 00 00 00 00 00 00
00 00 00 00 00 00 00 00
00 00 00 00 00 00 00 00
00 00 00 00 00 00 00 00
00 00 00 00 00 00 00 00
00 00 00 00 00 00 00 00
00 00 00 00 00 00 00 00
00 00 00 00 00 00 00 00
00 00 00 00 00 00 00 00
00 00 00 00 00 00 00 00
00 00 00 00 00 00 00 00
00 00 00 00 00 00 00 00
00 00 00 00 00 00 00 00
00 00 00 00 00 00 00 00
00 00 00 00 00 00 00 00
00 00 00 00 00 00 00 00
00 00 00 00 00 00 00 00
00 00 00 00 00 00 00 00
00 00 00 00 00 00 00 00
00 00 00 00 00 00 00 00
00 00 00 00 00 00 00 00
00 00 00 00 00 00 00 00
00 00 00 00 00 00 00 00
00 00 00 00 00 00 00 00
00 00 00 00 00 00 00 00
00 00 00 00 00 00 00 00
00 00 00 00 00 00 00 00
00 00 00 00 00 00 00 00
00 00 00 00 00 00 00 00
00 00 00 00 00 00 00 00
00 00 00 00 00 00 00 00
00 00 00 00 00 00 00 00
00 00 00 00 00 00 00 00
00 00 00 00 00 00 00 00
00 00 00 00 00 00 00 00
00 00 00 00 00 00 00 00
00 00 00 00 00 00 00 00
00 00 00 00 00 00 00 00
00 00 00 00 00 00 00 00
00 00 00 00 00 00 00 00
00 00 00 00 00 00 00 00
00 00 00 00 00 00 00 00
00 00 00 00 00 00 00 00
00 00 00 00 00 00 00 00
00 00 00 00 00 00 00 00
00 00 00 00 00 00 00 00
00 00 00 00 00 00 00 00
00 00 00 00 00 00 00 00
00 00 00 00 00 00 00 00
00 00 00 00 00 00 00 00
00 00 00 00 00 00 00 00
00 00 00 00 00 00 00 00
00 00 00 00 00 00 00 00
00 00 00 00 00 00 00 00
00 00 00 00 00 00 00 00
00 00 00 00 00 00 00 00
00 00 00 00 00 00 00 00
00 00 00 00 00 00 00 00
00 00 00 00 00 00 00 00
00 00 00 00 00 00 00 00
00 00 00 00 00 00 00 00
00 00 00 00 00 00 00 00
00 00 00 00 00 00 00 00
00 00 00 00 00 00 00 00
00 00 00 00 00 00 00 00
00 00 00 00 00 00 00 00
00 00 00 00 00 00 00 00
00 00 00 00 00 00 00 00
00 00 00 00 00 00 00 00
00 00 00 00 00 00 00 00
00 00 00 00 00 00 00 00
00 00 00 00 00 00 00 00
00 00 00 00 00 00 00 00
00 00 00 00 00 00 00 00
00 00 00 00 00 00 00 00
00 00 00 00 00 00 00 00
00 00 00 00 00 00 00 00
00 00 00 00 00 00 00 00
00 00 00 00 00 00 00 00
00 00 00 00 00 00 00 00
00 00 00 00 00 00 00 00
00 00 00 00 00 00 00 00
00 00 00 00 00 00 00 00
00 00 00 00 00 00 00 00
00 00 00 00 00 00 00 00
00 00 00 00 00 00 00 00
00 00 00 00 00 00 00 00
00 00 00 00 00 00 00 00
00 00 00 00 00 00 00 00
