42 4d 46 00 08 08 00 01
00 00 00 00 00 00 00 00
00 00 00 00 00 00 00 00
00 00 00 00 00 00 00 00
00 00 00 00 00 00 00 00
00 00 00 00 00 00 00 00
00 00 00 00 00 00 00 00
00 00 00 00 00 00 00 00
00 00 00 00 00 00 00 00
00 00 00 00 00 00 00 00
00 00 00 00 00 00 00 00
00 00 00 00 00 00 00 00
00 00 00 00 00 00 00 00
00 00 00 00 00 00 00 00
00 00 00 00 00 00 00 00
00 00 00 00 00 00 00 00
00 00 00 00 00 00 00 00
00 00 00 00 00 00 00 00
00 00 00 00 00 00 00 00
00 00 00 00 00 00 00 00
00 00 00 00 00 00 00 00
00 00 00 00 00 00 00 00
00 00 00 00 00 00 00 00
00 00 00 00 00 00 00 00
00 00 00 00 00 00 00 00
00 00 00 00 00 00 00 00
00 00 00 00 00 00 00 00
00 00 00 00 00 00 00 00
00 00 00 00 00 00 00 00
00 00 00 00 00 00 00 00
00 00 00 00 00 00 00 00
00 00 00 00 00 00 00 00
00 00 00 00 00 00 00 00
00 00 00 00 00 00 00 00 
18 18 18 18 18 00 18 00 
6c 6c 6c 00 00 00 00 00 
6c 6c fe 6c fe 6c 6c 00 
18 1c 20 7c 0c 7c 30 00 
36 36 0c 18 18 36 36 00 
18 20 6c 3c 6c 6c 7c 00 
18 18 18 00 00 00 00 00 
0c 18 30 30 30 18 0c 00 
30 18 0c 0c 0c 18 30 00 
00 10 7c 38 7c 10 00 00 
00 18 18 7e 18 18 00 00 
00 00 00 00 00 30 30 30 
00 00 00 7c 00 00 00 00 
00 00 00 00 00 18 18 00 
18 18 30 30 30 60 60 00 
70 68 6c 6c 6c 2c 1c 00 
08 18 38 18 18 18 18 00 
70 68 0c 7c 60 60 7c 00 
70 68 0c 3c 0c 6c 7c 00 
60 60 6c 2c 1e 0c 0c 00 
7c 60 60 7c 0c 68 70 00 
1c 2c 60 7c 6c 6c 7c 00 
70 68 0c 3c 0c 0c 0c 00 
70 68 6c 38 6c 2c 1c 00 
70 68 6c 7c 0c 6c 7c 00 
00 00 30 30 00 30 30 00 
00 00 30 30 00 30 30 30 
00 18 30 60 30 18 00 00 
00 00 78 00 78 00 00 00 
00 60 30 18 30 60 00 00 
70 68 0c 1c 00 18 18 00 
1c 2c 7c 6c 7c 60 7c 00 
70 68 0c 7c 6c 6c 7c 00 
70 68 6c 78 6c 6c 7c 00 
1c 2c 6c 60 6c 6c 7c 00 
70 68 6c 6c 6c 6c 7c 00 
1c 2c 60 78 60 6c 7c 00 
1c 2c 60 78 60 60 60 00 
1c 2c 60 6c 6c 6c 7c 00 
6c 6c 6c 7c 6c 6c 6c 00 
3c 18 18 18 18 18 3c 00 
0c 0c 0c 0c 6c 68 70 00 
6c 6c 68 70 68 6c 6c 00 
60 60 60 60 60 2c 1c 00 
e8 d4 d6 d6 c6 c6 c6 00 
70 68 6c 6c 6c 6c 6c 00 
1c 2c 6c 6c 6c 68 70 00 
70 68 6c 7c 60 60 60 00 
1c 2c 6c 6c 6c 68 7c 0c 
70 68 6c 78 6c 6c 6c 00 
1c 2c 60 7c 0c 68 70 00 
3c 18 18 18 18 18 18 00 
6c 6c 6c 6c 6c 2c 1c 00 
6c 6c 6c 6c 68 70 60 00 
c6 c6 c6 d6 d6 56 3e 00 
6c 6c 6c 38 6c 6c 6c 00 
6c 6c 6c 7c 0c 68 70 00 
7c 6c 18 30 60 6c 7c 00 
3c 30 30 30 30 30 3c 00 
60 60 30 30 30 18 18 00 
3c 0c 0c 0c 0c 0c 3c 00 
18 3c 7e 18 18 18 18 00 
00 00 00 00 00 00 00 ff 
1c 2c 60 78 60 60 7c 00 
00 70 68 0c 7c 6c 7c 00 
60 70 68 6c 6c 6c 7c 00 
00 1c 2c 60 60 6c 7c 00 
0c 7c 6c 6c 6c 2c 1c 00 
00 1c 2c 7c 60 6c 7c 00 
00 1c 2c 60 78 60 60 60 
00 7c 6c 6c 2c 1c 0c 7c 
60 70 68 6c 6c 6c 6c 00 
18 00 18 18 18 18 18 00 
0c 00 0c 0c 0c 6c 68 70 
60 6c 68 70 68 6c 6c 00 
18 18 18 18 18 18 18 00 
00 e8 d4 d6 d6 c6 c6 00 
00 70 68 6c 6c 6c 6c 00 
00 1c 2c 6c 6c 68 70 00 
00 70 68 6c 6c 7c 60 60 
00 1c 2c 6c 6c 7c 0c 0c 
00 1c 2c 60 60 60 60 00 
00 1c 2c 70 0c 6c 7c 00 
60 60 78 60 60 2c 1c 00 
00 6c 6c 6c 6c 2c 1c 00 
00 6c 6c 6c 68 70 60 00 
00 c6 c6 d6 d6 56 3e 00 
00 6c 6c 38 6c 6c 6c 00 
00 6c 6c 6c 6c 7c 08 70 
00 7c 6c 18 30 6c 7c 00 
0e 18 18 70 18 18 1e 00 
18 18 18 18 18 18 18 00 
70 18 18 0e 18 18 78 00 
00 74 5c 00 00 00 00 00 
38 44 9a b2 b2 ba 44 38 
00 00 00 00 00 00 00 00
00 00 00 00 00 00 00 00
00 00 00 00 00 00 00 00
00 00 00 00 00 00 00 00
00 00 00 00 00 00 00 00
00 00 00 00 00 00 00 00
00 00 00 00 00 00 00 00
00 00 00 00 00 00 00 00
00 00 00 00 00 00 00 00
00 00 00 00 00 00 00 00
00 00 00 00 00 00 00 00
00 00 00 00 00 00 00 00
00 00 00 00 00 00 00 00
00 00 00 00 00 00 00 00
00 00 00 00 00 00 00 00
00 00 00 00 00 00 00 00
00 00 00 00 00 00 00 00
00 00 00 00 00 00 00 00
00 00 00 00 00 00 00 00
00 00 00 00 00 00 00 00
00 00 00 00 00 00 00 00
00 00 00 00 00 00 00 00
00 00 00 00 00 00 00 00
00 00 00 00 00 00 00 00
00 00 00 00 00 00 00 00
00 00 00 00 00 00 00 00
00 00 00 00 00 00 00 00
00 00 00 00 00 00 00 00
00 00 00 00 00 00 00 00
00 00 00 00 00 00 00 00
00 00 00 00 00 00 00 00
00 00 00 00 00 00 00 00
00 00 00 00 00 00 00 00
00 00 00 00 00 00 00 00
00 00 00 00 00 00 00 00
00 00 00 00 00 00 00 00
00 00 00 00 00 00 00 00
00 00 00 00 00 00 00 00
00 00 00 00 00 00 00 00
00 00 00 00 00 00 00 00
00 00 00 00 00 00 00 00
00 00 00 00 00 00 00 00
00 00 00 00 00 00 00 00
00 00 00 00 00 00 00 00
00 00 00 00 00 00 00 00
00 00 00 00 00 00 00 00
00 00 00 00 00 00 00 00
00 00 00 00 00 00 00 00
00 00 00 00 00 00 00 00
00 00 00 00 00 00 00 00
00 00 00 00 00 00 00 00
00 00 00 00 00 00 00 00
00 00 00 00 00 00 00 00
00 00 00 00 00 00 00 00
00 00 00 00 00 00 00 00
00 00 00 00 00 00 00 00
00 00 00 00 00 00 00 00
00 00 00 00 00 00 00 00
00 00 00 00 00 00 00 00
00 00 00 00 00 00 00 00
00 00 00 00 00 00 00 00
00 00 00 00 00 00 00 00
00 00 00 00 00 00 00 00
00 00 00 00 00 00 00 00
00 00 00 00 00 00 00 00
00 00 00 00 00 00 00 00
00 00 00 00 00 00 00 00
00 00 00 00 00 00 00 00
00 00 00 00 00 00 00 00
00 00 00 00 00 00 00 00
00 00 00 00 00 00 00 00
00 00 00 00 00 00 00 00
00 00 00 00 00 00 00 00
00 00 00 00 00 00 00 00
00 00 00 00 00 00 00 00
00 00 00 00 00 00 00 00
00 00 00 00 00 00 00 00
00 00 00 00 00 00 00 00
00 00 00 00 00 00 00 00
00 00 00 00 00 00 00 00
00 00 00 00 00 00 00 00
00 00 00 00 00 00 00 00
00 00 00 00 00 00 00 00
00 00 00 00 00 00 00 00
00 00 00 00 00 00 00 00
00 00 00 00 00 00 00 00
00 00 00 00 00 00 00 00
00 00 00 00 00 00 00 00
00 00 00 00 00 00 00 00
00 00 00 00 00 00 00 00
00 00 00 00 00 00 00 00
00 00 00 00 00 00 00 00
00 00 00 00 00 00 00 00
00 00 00 00 00 00 00 00
00 00 00 00 00 00 00 00
00 00 00 00 00 00 00 00
00 00 00 00 00 00 00 00
00 00 00 00 00 00 00 00
00 00 00 00 00 00 00 00
00 00 00 00 00 00 00 00
00 00 00 00 00 00 00 00
00 00 00 00 00 00 00 00
00 00 00 00 00 00 00 00
00 00 00 00 00 00 00 00
00 00 00 00 00 00 00 00
00 00 00 00 00 00 00 00
00 00 00 00 00 00 00 00
00 00 00 00 00 00 00 00
00 00 00 00 00 00 00 00
00 00 00 00 00 00 00 00
00 00 00 00 00 00 00 00
00 00 00 00 00 00 00 00
00 00 00 00 00 00 00 00
00 00 00 00 00 00 00 00
00 00 00 00 00 00 00 00
00 00 00 00 00 00 00 00
00 00 00 00 00 00 00 00
00 00 00 00 00 00 00 00
00 00 00 00 00 00 00 00
00 00 00 00 00 00 00 00
00 00 00 00 00 00 00 00
00 00 00 00 00 00 00 00
00 00 00 00 00 00 00 00
00 00 00 00 00 00 00 00
00 00 00 00 00 00 00 00
00 00 00 00 00 00 00 00
00 00 00 00 00 00 00 00
00 00 00 00 00 00 00 00
