42 4d 46 00 08 08 00 01
00 00 00 00 00 00 00 00
00 00 00 00 00 00 00 00
00 00 00 00 00 00 00 00
00 00 00 00 00 00 00 00
00 00 00 00 00 00 00 00
00 00 00 00 00 00 00 00
00 00 00 00 00 00 00 00
00 00 00 00 00 00 00 00
00 00 00 00 00 00 00 00
00 00 00 00 00 00 00 00
00 00 00 00 00 00 00 00
00 00 00 00 00 00 00 00
00 00 00 00 00 00 00 00
00 00 00 00 00 00 00 00
00 00 00 00 00 00 00 00
00 00 00 00 00 00 00 00
00 00 00 00 00 00 00 00
00 00 00 00 00 00 00 00
00 00 00 00 00 00 00 00
00 00 00 00 00 00 00 00
00 00 00 00 00 00 00 00
00 00 00 00 00 00 00 00
00 00 00 00 00 00 00 00
00 00 00 00 00 00 00 00
00 00 00 00 00 00 00 00
00 00 00 00 00 00 00 00
00 00 00 00 00 00 00 00
00 00 00 00 00 00 00 00
00 00 00 00 00 00 00 00
00 00 00 00 00 00 00 00
00 00 00 00 00 00 00 00
00 00 00 00 00 00 00 00
00 00 00 00 00 00 00 00 
10 38 38 38 10 38 10 00 
22 77 ee 00 00 00 00 00 
28 7c fe 6c fe 7c 28 00 
10 7e e6 74 b8 ce fc 10 
44 ee 5c 38 74 ee 44 00 
f8 7c 6e 38 6e fe f6 00 
08 1c 38 00 00 00 00 00 
18 3c 78 70 78 3c 18 00 
18 3c 1e 0e 1e 3c 18 00 
44 6c 38 fe 38 6c 44 00 
10 38 38 fe 38 38 10 00 
00 00 00 00 00 10 38 70 
00 00 00 3e 7c 00 00 00 
00 00 00 00 00 10 38 10 
00 02 0c 1c 38 30 40 00 
38 7c ee d6 ee 7c 38 00 
18 38 78 38 38 7e fc 00 
fc ce 8c 38 70 fc fe 00 
7e fe 8e 3c 0e 7c f8 00 
40 c4 ec 7c 3e 0c 1e 00 
fe fc e0 7c 0e fe 7c 00 
3c 7e e0 fe ee 7c 38 00 
7e fe 0c 1c 38 70 e0 00 
7c fe 6c 38 6c fe fe 00 
38 7c ee 7e 1c 78 f0 00 
00 10 38 10 00 10 38 10 
00 10 38 10 00 10 38 70 
0e 1e 38 70 38 1e 0e 00 
00 7c 3e 00 3e 7c 00 00 
70 78 1c 0e 1c 78 70 00 
7e fc 98 30 00 20 70 20 
38 7c ee de e0 7e 3c 00 
10 38 7c 6c fe ee c6 00 
f8 7c 6e 7c 6e 7c f8 00 
3e 7e e0 c0 e0 7e 3e 00 
f8 7c 3e 36 3e 7c f8 00 
fe 7c 30 3c 30 7c fe 00 
fe 7c 30 3c 30 78 fc 00 
3e 70 ee c6 ee 7e 3a 00 
f7 66 7e 7e 66 66 ef 00 
7e 3c 18 18 18 3c 7e 00 
06 06 06 06 0e 7c f8 00 
e4 ee 7c 70 7c ee e4 00 
fc 78 30 32 36 7e fe 00 
82 c6 ee fe fe d6 82 00 
c2 e6 f6 fe de ce 86 00 
38 7c ee c6 ee 7c 38 00 
fc 7e 36 3c 30 78 fc 00 
38 7c ee c6 ec 7e 36 00 
fc 7e 36 3c 3f 6e e4 00 
7e fc e0 7c 0e 7e fc 00 
7e ff 5a 18 18 3c 7e 00 
ee ee 6c 6c 7c 7c 38 00 
ee ee 6c 7c 38 38 10 00 
c6 d6 fe fe ee c6 82 00 
c6 ee 7c 7c fe ee 44 00 
44 ee 7c 38 10 38 7c 00 
fe fc 9c 38 72 7e fe 00 
3c 7c 70 60 70 7c 3c 00 
00 40 30 38 1c 0c 02 00 
78 7c 1c 0c 1c 7c 78 00 
10 38 7c fe ba 38 28 00 
00 00 00 00 00 00 00 ff 
0e 1c 30 7c 30 7c fe 00 
00 30 78 3c 6e fe 76 00 
e0 60 38 3c 36 7c f8 00 
00 18 3c 76 60 3e 1e 00 
0e 1c 38 78 d8 7c 3e 00 
00 1c 3e 6c f8 7e 3e 00 
1e 38 7c 30 30 78 fc 00 
00 30 78 ec 7e 0e 7c f8 
f0 60 78 7c 6e 66 44 00 
10 38 10 38 38 38 10 00 
08 1c 08 1c 0c 1c 38 70 
e0 64 6e 7c 7c 6e f4 00 
78 38 18 18 18 3c 7e 00 
00 28 7c 7c fe ee c6 00 
00 f8 7c 6e 66 66 f2 00 
00 38 7c ee ee 7c 38 00 
00 f8 7c 6e 7c 78 60 f0 
00 3e 7c ec 7c 3c 0c 1e 
00 7c 3e 34 30 30 78 00 
00 3e 7c 30 1e 7c 78 00 
10 38 fe 38 38 38 10 10 
00 ee c6 c6 ee 7c 38 00 
00 ee c6 6c 7c 38 10 00 
00 44 d6 fe ee c6 82 00 
00 6c ee 38 7c ee ee 00 
00 4e e6 7e 3c 38 70 e0 
00 3e 7c 18 30 7e 3c 00 
06 1c 18 70 18 1c 06 00 
10 10 38 38 38 10 10 00 
60 38 18 0e 18 38 60 00 
00 00 36 7e 6c 00 00 00 
18 24 4a d3 fb 5a 24 18 
00 00 00 00 00 00 00 00
00 00 00 00 00 00 00 00
00 00 00 00 00 00 00 00
00 00 00 00 00 00 00 00
00 00 00 00 00 00 00 00
00 00 00 00 00 00 00 00
00 00 00 00 00 00 00 00
00 00 00 00 00 00 00 00
00 00 00 00 00 00 00 00
00 00 00 00 00 00 00 00
00 00 00 00 00 00 00 00
00 00 00 00 00 00 00 00
00 00 00 00 00 00 00 00
00 00 00 00 00 00 00 00
00 00 00 00 00 00 00 00
00 00 00 00 00 00 00 00
00 00 00 00 00 00 00 00
00 00 00 00 00 00 00 00
00 00 00 00 00 00 00 00
00 00 00 00 00 00 00 00
00 00 00 00 00 00 00 00
00 00 00 00 00 00 00 00
00 00 00 00 00 00 00 00
00 00 00 00 00 00 00 00
00 00 00 00 00 00 00 00
00 00 00 00 00 00 00 00
00 00 00 00 00 00 00 00
00 00 00 00 00 00 00 00
00 00 00 00 00 00 00 00
00 00 00 00 00 00 00 00
00 00 00 00 00 00 00 00
00 00 00 00 00 00 00 00
00 00 00 00 00 00 00 00
00 00 00 00 00 00 00 00
00 00 00 00 00 00 00 00
00 00 00 00 00 00 00 00
00 00 00 00 00 00 00 00
00 00 00 00 00 00 00 00
00 00 00 00 00 00 00 00
00 00 00 00 00 00 00 00
00 00 00 00 00 00 00 00
00 00 00 00 00 00 00 00
00 00 00 00 00 00 00 00
00 00 00 00 00 00 00 00
00 00 00 00 00 00 00 00
00 00 00 00 00 00 00 00
00 00 00 00 00 00 00 00
00 00 00 00 00 00 00 00
00 00 00 00 00 00 00 00
00 00 00 00 00 00 00 00
00 00 00 00 00 00 00 00
00 00 00 00 00 00 00 00
00 00 00 00 00 00 00 00
00 00 00 00 00 00 00 00
00 00 00 00 00 00 00 00
00 00 00 00 00 00 00 00
00 00 00 00 00 00 00 00
00 00 00 00 00 00 00 00
00 00 00 00 00 00 00 00
00 00 00 00 00 00 00 00
00 00 00 00 00 00 00 00
00 00 00 00 00 00 00 00
00 00 00 00 00 00 00 00
00 00 00 00 00 00 00 00
00 00 00 00 00 00 00 00
00 00 00 00 00 00 00 00
00 00 00 00 00 00 00 00
00 00 00 00 00 00 00 00
00 00 00 00 00 00 00 00
00 00 00 00 00 00 00 00
00 00 00 00 00 00 00 00
00 00 00 00 00 00 00 00
00 00 00 00 00 00 00 00
00 00 00 00 00 00 00 00
00 00 00 00 00 00 00 00
00 00 00 00 00 00 00 00
00 00 00 00 00 00 00 00
00 00 00 00 00 00 00 00
00 00 00 00 00 00 00 00
00 00 00 00 00 00 00 00
00 00 00 00 00 00 00 00
00 00 00 00 00 00 00 00
00 00 00 00 00 00 00 00
00 00 00 00 00 00 00 00
00 00 00 00 00 00 00 00
00 00 00 00 00 00 00 00
00 00 00 00 00 00 00 00
00 00 00 00 00 00 00 00
00 00 00 00 00 00 00 00
00 00 00 00 00 00 00 00
00 00 00 00 00 00 00 00
00 00 00 00 00 00 00 00
00 00 00 00 00 00 00 00
00 00 00 00 00 00 00 00
00 00 00 00 00 00 00 00
00 00 00 00 00 00 00 00
00 00 00 00 00 00 00 00
00 00 00 00 00 00 00 00
00 00 00 00 00 00 00 00
00 00 00 00 00 00 00 00
00 00 00 00 00 00 00 00
00 00 00 00 00 00 00 00
00 00 00 00 00 00 00 00
00 00 00 00 00 00 00 00
00 00 00 00 00 00 00 00
00 00 00 00 00 00 00 00
00 00 00 00 00 00 00 00
00 00 00 00 00 00 00 00
00 00 00 00 00 00 00 00
00 00 00 00 00 00 00 00
00 00 00 00 00 00 00 00
00 00 00 00 00 00 00 00
00 00 00 00 00 00 00 00
00 00 00 00 00 00 00 00
00 00 00 00 00 00 00 00
00 00 00 00 00 00 00 00
00 00 00 00 00 00 00 00
00 00 00 00 00 00 00 00
00 00 00 00 00 00 00 00
00 00 00 00 00 00 00 00
00 00 00 00 00 00 00 00
00 00 00 00 00 00 00 00
00 00 00 00 00 00 00 00
00 00 00 00 00 00 00 00
00 00 00 00 00 00 00 00
00 00 00 00 00 00 00 00
00 00 00 00 00 00 00 00
00 00 00 00 00 00 00 00
