42 4d 46 00 08 08 00 01
00 00 00 00 00 00 00 00
00 00 00 00 00 00 00 00
00 00 00 00 00 00 00 00
00 00 00 00 00 00 00 00
00 00 00 00 00 00 00 00
00 00 00 00 00 00 00 00
00 00 00 00 00 00 00 00
00 00 00 00 00 00 00 00
00 00 00 00 00 00 00 00
00 00 00 00 00 00 00 00
00 00 00 00 00 00 00 00
00 00 00 00 00 00 00 00
00 00 00 00 00 00 00 00
00 00 00 00 00 00 00 00
00 00 00 00 00 00 00 00
00 00 00 00 00 00 00 00
00 00 00 00 00 00 00 00
00 00 00 00 00 00 00 00
00 00 00 00 00 00 00 00
00 00 00 00 00 00 00 00
00 00 00 00 00 00 00 00
00 00 00 00 00 00 00 00
00 00 00 00 00 00 00 00
00 00 00 00 00 00 00 00
00 00 00 00 00 00 00 00
00 00 00 00 00 00 00 00
00 00 00 00 00 00 00 00
00 00 00 00 00 00 00 00
00 00 00 00 00 00 00 00
00 00 00 00 00 00 00 00
00 00 00 00 00 00 00 00
00 00 00 00 00 00 00 00
00 00 00 00 00 00 00 00 
10 10 10 10 10 00 10 00 
6c 24 48 00 00 00 00 00 
00 24 7e 24 48 fc 48 00 
08 3e 48 3c 12 7c 10 00 
60 94 68 10 2c 52 0c 00 
30 48 50 66 94 88 76 00 
18 08 10 00 00 00 00 00 
10 20 20 40 40 20 20 10 
40 20 20 10 10 20 20 40 
00 10 7c 38 28 00 00 00 
00 10 10 7c 10 10 00 00 
00 00 00 00 00 30 10 20 
00 00 00 7c 00 00 00 00 
00 00 00 00 00 10 10 00 
00 02 04 08 10 20 40 00 
38 44 8a 92 a2 44 38 00 
10 30 10 10 10 10 38 00 
7c 82 02 0c 30 42 fe 00 
fe 84 08 1c 02 82 7c 00 
18 28 48 88 fe 08 1c 00 
fe 82 80 fc 02 82 7c 00 
18 20 40 fc 82 82 7c 00 
fe 82 04 08 10 10 10 00 
7c 82 82 7c 82 82 7c 00 
7c 82 82 7e 04 08 30 00 
00 10 10 00 00 10 10 00 
00 08 08 00 00 18 08 10 
04 08 10 20 10 08 04 00 
00 00 7c 00 7c 00 00 00 
20 10 08 04 08 10 20 00 
7c 82 02 1c 00 10 10 00 
1c 22 4e 52 4e 20 1c 00 
18 18 24 24 7e 42 e7 00 
fc 42 42 7c 42 42 fc 00 
3c 42 80 80 80 42 3c 00 
f8 44 42 42 42 44 f8 00 
fe 42 48 78 48 42 fe 00 
fe 42 48 78 48 40 e0 00 
3c 42 80 8e 82 46 3a 00 
e7 42 42 7e 42 42 e7 00 
7c 10 10 10 10 10 7c 00 
3e 08 08 08 88 88 70 00 
e7 42 44 78 44 42 e7 00 
e0 40 40 40 40 42 fe 00 
c3 66 66 5a 42 42 e7 00 
c7 62 52 4a 46 42 e3 00 
38 44 82 82 82 44 38 00 
fc 42 42 7c 40 40 e0 00 
38 44 82 82 82 44 38 06 
fc 42 42 7c 48 44 e6 00 
7a 86 80 7c 02 c2 bc 00 
fe 92 10 10 10 10 38 00 
e7 42 42 42 42 42 3c 00 
e7 42 42 24 24 18 18 00 
e7 42 42 42 5a 66 42 00 
ee 44 28 10 28 44 ee 00 
ee 44 28 28 10 10 38 00 
fe 84 08 10 20 42 fe 00 
3c 20 20 20 20 20 20 3c 
00 40 20 10 08 04 02 00 
38 08 08 08 08 08 08 38 
10 28 44 00 00 00 00 00 
00 00 00 00 00 00 00 ff 
3c 42 40 f8 40 42 fe 00 
00 00 78 04 7c 84 7a 00 
c0 40 5c 62 42 62 dc 00 
00 00 3c 42 40 42 3c 00 
0c 04 74 8c 84 8c 76 00 
00 00 3c 42 7e 40 3e 00 
1c 22 20 78 20 20 70 00 
00 00 7a 84 78 80 7c 82 
c0 40 58 64 44 44 ee 00 
10 00 30 10 10 10 38 00 
04 00 0c 04 04 04 24 18 
c0 40 4e 44 78 44 ee 00 
30 10 10 10 10 10 38 00 
00 00 e8 54 54 54 d6 00 
00 00 d8 64 44 44 ee 00 
00 00 3c 42 42 42 3c 00 
00 00 fc 42 42 7c 40 e0 
00 00 76 8c 84 7c 04 0e 
00 00 dc 62 42 40 e0 00 
00 00 3e 40 3c 02 7c 00 
20 20 78 20 20 22 1c 00 
00 00 c6 42 42 46 3b 00 
00 00 e7 42 24 18 18 00 
00 00 ee 44 54 28 28 00 
00 00 ee 44 38 44 ee 00 
00 00 ee 44 28 10 90 e0 
00 00 7e 44 18 22 7e 00 
0c 10 10 60 10 10 0c 00 
10 10 10 10 10 10 10 00 
60 10 10 0c 10 10 60 00 
00 00 32 4c 00 00 00 00 
3c 42 95 ad a1 9d 42 3c 
00 00 00 00 00 00 00 00
00 00 00 00 00 00 00 00
00 00 00 00 00 00 00 00
00 00 00 00 00 00 00 00
00 00 00 00 00 00 00 00
00 00 00 00 00 00 00 00
00 00 00 00 00 00 00 00
00 00 00 00 00 00 00 00
00 00 00 00 00 00 00 00
00 00 00 00 00 00 00 00
00 00 00 00 00 00 00 00
00 00 00 00 00 00 00 00
00 00 00 00 00 00 00 00
00 00 00 00 00 00 00 00
00 00 00 00 00 00 00 00
00 00 00 00 00 00 00 00
00 00 00 00 00 00 00 00
00 00 00 00 00 00 00 00
00 00 00 00 00 00 00 00
00 00 00 00 00 00 00 00
00 00 00 00 00 00 00 00
00 00 00 00 00 00 00 00
00 00 00 00 00 00 00 00
00 00 00 00 00 00 00 00
00 00 00 00 00 00 00 00
00 00 00 00 00 00 00 00
00 00 00 00 00 00 00 00
00 00 00 00 00 00 00 00
00 00 00 00 00 00 00 00
00 00 00 00 00 00 00 00
00 00 00 00 00 00 00 00
00 00 00 00 00 00 00 00
00 00 00 00 00 00 00 00
00 00 00 00 00 00 00 00
00 00 00 00 00 00 00 00
00 00 00 00 00 00 00 00
00 00 00 00 00 00 00 00
00 00 00 00 00 00 00 00
00 00 00 00 00 00 00 00
00 00 00 00 00 00 00 00
00 00 00 00 00 00 00 00
00 00 00 00 00 00 00 00
00 00 00 00 00 00 00 00
00 00 00 00 00 00 00 00
00 00 00 00 00 00 00 00
00 00 00 00 00 00 00 00
00 00 00 00 00 00 00 00
00 00 00 00 00 00 00 00
00 00 00 00 00 00 00 00
00 00 00 00 00 00 00 00
00 00 00 00 00 00 00 00
00 00 00 00 00 00 00 00
00 00 00 00 00 00 00 00
00 00 00 00 00 00 00 00
00 00 00 00 00 00 00 00
00 00 00 00 00 00 00 00
00 00 00 00 00 00 00 00
00 00 00 00 00 00 00 00
00 00 00 00 00 00 00 00
00 00 00 00 00 00 00 00
00 00 00 00 00 00 00 00
00 00 00 00 00 00 00 00
00 00 00 00 00 00 00 00
00 00 00 00 00 00 00 00
00 00 00 00 00 00 00 00
00 00 00 00 00 00 00 00
00 00 00 00 00 00 00 00
00 00 00 00 00 00 00 00
00 00 00 00 00 00 00 00
00 00 00 00 00 00 00 00
00 00 00 00 00 00 00 00
00 00 00 00 00 00 00 00
00 00 00 00 00 00 00 00
00 00 00 00 00 00 00 00
00 00 00 00 00 00 00 00
00 00 00 00 00 00 00 00
00 00 00 00 00 00 00 00
00 00 00 00 00 00 00 00
00 00 00 00 00 00 00 00
00 00 00 00 00 00 00 00
00 00 00 00 00 00 00 00
00 00 00 00 00 00 00 00
00 00 00 00 00 00 00 00
00 00 00 00 00 00 00 00
00 00 00 00 00 00 00 00
00 00 00 00 00 00 00 00
00 00 00 00 00 00 00 00
00 00 00 00 00 00 00 00
00 00 00 00 00 00 00 00
00 00 00 00 00 00 00 00
00 00 00 00 00 00 00 00
00 00 00 00 00 00 00 00
00 00 00 00 00 00 00 00
00 00 00 00 00 00 00 00
00 00 00 00 00 00 00 00
00 00 00 00 00 00 00 00
00 00 00 00 00 00 00 00
00 00 00 00 00 00 00 00
00 00 00 00 00 00 00 00
00 00 00 00 00 00 00 00
00 00 00 00 00 00 00 00
00 00 00 00 00 00 00 00
00 00 00 00 00 00 00 00
00 00 00 00 00 00 00 00
00 00 00 00 00 00 00 00
00 00 00 00 00 00 00 00
00 00 00 00 00 00 00 00
00 00 00 00 00 00 00 00
00 00 00 00 00 00 00 00
00 00 00 00 00 00 00 00
00 00 00 00 00 00 00 00
00 00 00 00 00 00 00 00
00 00 00 00 00 00 00 00
00 00 00 00 00 00 00 00
00 00 00 00 00 00 00 00
00 00 00 00 00 00 00 00
00 00 00 00 00 00 00 00
00 00 00 00 00 00 00 00
00 00 00 00 00 00 00 00
00 00 00 00 00 00 00 00
00 00 00 00 00 00 00 00
00 00 00 00 00 00 00 00
00 00 00 00 00 00 00 00
00 00 00 00 00 00 00 00
00 00 00 00 00 00 00 00
00 00 00 00 00 00 00 00
00 00 00 00 00 00 00 00
00 00 00 00 00 00 00 00
