42 4d 46 00 08 08 00 01
00 00 00 00 00 00 00 00
00 00 00 00 00 00 00 00
00 00 00 00 00 00 00 00
00 00 00 00 00 00 00 00
00 00 00 00 00 00 00 00
00 00 00 00 00 00 00 00
00 00 00 00 00 00 00 00
00 00 00 00 00 00 00 00
00 00 00 00 00 00 00 00
00 00 00 00 00 00 00 00
00 00 00 00 00 00 00 00
00 00 00 00 00 00 00 00
00 00 00 00 00 00 00 00
00 00 00 00 00 00 00 00
00 00 00 00 00 00 00 00
00 00 00 00 00 00 00 00
00 00 00 00 00 00 00 00
00 00 00 00 00 00 00 00
00 00 00 00 00 00 00 00
00 00 00 00 00 00 00 00
00 00 00 00 00 00 00 00
00 00 00 00 00 00 00 00
00 00 00 00 00 00 00 00
00 00 00 00 00 00 00 00
00 00 00 00 00 00 00 00
00 00 00 00 00 00 00 00
00 00 00 00 00 00 00 00
00 00 00 00 00 00 00 00
00 00 00 00 00 00 00 00
00 00 00 00 00 00 00 00
00 00 00 00 00 00 00 00
00 00 00 00 00 00 00 00
00 00 00 00 00 00 00 00 
10 10 10 10 10 00 10 00 
6c 6c 90 00 00 00 00 00 
00 24 7e 24 24 7e 24 00 
10 3c 50 38 14 78 10 00 
40 a4 48 10 24 4a 04 00 
30 48 48 32 4a 44 3a 00 
18 18 20 00 00 00 00 00 
08 10 20 20 20 10 08 00 
20 10 08 08 08 10 20 00 
00 10 54 38 54 10 00 00 
00 10 10 7c 10 10 00 00 
00 00 00 00 00 18 18 20 
00 00 00 7c 00 00 00 00 
00 00 00 00 00 18 18 00 
02 04 08 10 20 40 80 00 
38 44 44 44 44 44 38 00 
30 50 10 10 10 10 10 00 
78 04 04 18 20 40 7c 00 
7c 04 08 18 04 04 78 00 
10 10 20 28 48 7c 08 00 
7c 40 40 78 04 04 78 00 
08 10 20 78 44 44 38 00 
7c 04 08 10 20 20 20 00 
38 44 44 38 44 44 38 00 
38 44 44 3c 08 10 20 00 
00 18 18 00 00 18 18 00 
00 18 18 00 00 18 18 20 
00 0c 30 40 30 0c 00 00 
00 00 7e 00 7e 00 00 00 
00 30 0c 02 0c 30 00 00 
38 44 04 08 10 00 10 00 
7c 82 ba aa be 80 7c 00 
18 18 24 24 3c 42 42 00 
78 44 44 78 44 44 78 00 
18 24 40 40 40 24 18 00 
70 48 44 44 44 48 70 00 
7c 40 40 78 40 40 7c 00 
7c 40 40 78 40 40 40 00 
18 24 40 4c 44 24 1c 00 
44 44 44 7c 44 44 44 00 
38 10 10 10 10 10 38 00 
04 04 04 04 24 24 18 00 
44 48 50 60 50 48 44 00 
40 40 40 40 40 40 7c 00 
44 6c 54 54 44 44 44 00 
64 64 54 54 54 4c 4c 00 
18 24 42 42 42 24 18 00 
78 44 44 78 40 40 40 00 
18 24 42 42 4a 24 1a 00 
78 44 44 78 50 48 44 00 
38 44 40 38 04 44 38 00 
7c 10 10 10 10 10 10 00 
44 44 44 44 44 44 38 00 
44 44 44 44 28 28 10 00 
44 44 44 54 54 28 28 00 
44 44 28 10 28 44 44 00 
44 44 28 10 10 10 10 00 
7c 04 08 10 20 40 7c 00 
38 20 20 20 20 20 38 00 
80 40 20 10 08 04 02 00 
38 08 08 08 08 08 38 00 
10 28 28 44 00 00 00 00 
00 00 00 00 00 00 00 ff 
08 14 10 78 20 20 7c 00 
00 00 38 04 3c 44 3c 00 
40 40 58 64 44 44 78 00 
00 00 38 44 40 44 38 00 
04 04 34 4c 44 44 3c 00 
00 00 38 44 7c 40 3c 00 
0c 10 10 3c 10 10 10 00 
00 00 3c 44 44 3c 44 38 
40 40 58 64 44 44 44 00 
08 00 18 08 08 08 08 00 
08 00 18 08 08 08 08 30 
40 40 44 48 70 48 44 00 
20 20 20 20 20 20 18 00 
00 00 68 54 54 54 54 00 
00 00 58 64 44 44 44 00 
00 00 38 44 44 44 38 00 
00 00 78 44 44 78 40 40 
00 00 3c 44 44 3c 04 04 
00 00 58 64 40 40 40 00 
00 00 3c 40 38 04 78 00 
20 20 78 20 20 20 18 00 
00 00 44 44 44 4c 34 00 
00 00 44 44 28 28 10 00 
00 00 44 44 54 6c 44 00 
00 00 44 28 10 28 44 00 
00 00 44 44 28 10 10 60 
00 00 7c 08 10 20 7c 00 
0c 10 10 60 10 10 0c 00 
10 10 10 10 10 10 10 00 
60 10 10 0c 10 10 60 00 
00 00 24 54 48 00 00 00 
3c 5a a5 a1 a5 99 42 3c 
00 00 00 00 00 00 00 00
00 00 00 00 00 00 00 00
00 00 00 00 00 00 00 00
00 00 00 00 00 00 00 00
00 00 00 00 00 00 00 00
00 00 00 00 00 00 00 00
00 00 00 00 00 00 00 00
00 00 00 00 00 00 00 00
00 00 00 00 00 00 00 00
00 00 00 00 00 00 00 00
00 00 00 00 00 00 00 00
00 00 00 00 00 00 00 00
00 00 00 00 00 00 00 00
00 00 00 00 00 00 00 00
00 00 00 00 00 00 00 00
00 00 00 00 00 00 00 00
00 00 00 00 00 00 00 00
00 00 00 00 00 00 00 00
00 00 00 00 00 00 00 00
00 00 00 00 00 00 00 00
00 00 00 00 00 00 00 00
00 00 00 00 00 00 00 00
00 00 00 00 00 00 00 00
00 00 00 00 00 00 00 00
00 00 00 00 00 00 00 00
00 00 00 00 00 00 00 00
00 00 00 00 00 00 00 00
00 00 00 00 00 00 00 00
00 00 00 00 00 00 00 00
00 00 00 00 00 00 00 00
00 00 00 00 00 00 00 00
00 00 00 00 00 00 00 00
00 00 00 00 00 00 00 00
00 00 00 00 00 00 00 00
00 00 00 00 00 00 00 00
00 00 00 00 00 00 00 00
00 00 00 00 00 00 00 00
00 00 00 00 00 00 00 00
00 00 00 00 00 00 00 00
00 00 00 00 00 00 00 00
00 00 00 00 00 00 00 00
00 00 00 00 00 00 00 00
00 00 00 00 00 00 00 00
00 00 00 00 00 00 00 00
00 00 00 00 00 00 00 00
00 00 00 00 00 00 00 00
00 00 00 00 00 00 00 00
00 00 00 00 00 00 00 00
00 00 00 00 00 00 00 00
00 00 00 00 00 00 00 00
00 00 00 00 00 00 00 00
00 00 00 00 00 00 00 00
00 00 00 00 00 00 00 00
00 00 00 00 00 00 00 00
00 00 00 00 00 00 00 00
00 00 00 00 00 00 00 00
00 00 00 00 00 00 00 00
00 00 00 00 00 00 00 00
00 00 00 00 00 00 00 00
00 00 00 00 00 00 00 00
00 00 00 00 00 00 00 00
00 00 00 00 00 00 00 00
00 00 00 00 00 00 00 00
00 00 00 00 00 00 00 00
00 00 00 00 00 00 00 00
00 00 00 00 00 00 00 00
00 00 00 00 00 00 00 00
00 00 00 00 00 00 00 00
00 00 00 00 00 00 00 00
00 00 00 00 00 00 00 00
00 00 00 00 00 00 00 00
00 00 00 00 00 00 00 00
00 00 00 00 00 00 00 00
00 00 00 00 00 00 00 00
00 00 00 00 00 00 00 00
00 00 00 00 00 00 00 00
00 00 00 00 00 00 00 00
00 00 00 00 00 00 00 00
00 00 00 00 00 00 00 00
00 00 00 00 00 00 00 00
00 00 00 00 00 00 00 00
00 00 00 00 00 00 00 00
00 00 00 00 00 00 00 00
00 00 00 00 00 00 00 00
00 00 00 00 00 00 00 00
00 00 00 00 00 00 00 00
00 00 00 00 00 00 00 00
00 00 00 00 00 00 00 00
00 00 00 00 00 00 00 00
00 00 00 00 00 00 00 00
00 00 00 00 00 00 00 00
00 00 00 00 00 00 00 00
00 00 00 00 00 00 00 00
00 00 00 00 00 00 00 00
00 00 00 00 00 00 00 00
00 00 00 00 00 00 00 00
00 00 00 00 00 00 00 00
00 00 00 00 00 00 00 00
00 00 00 00 00 00 00 00
00 00 00 00 00 00 00 00
00 00 00 00 00 00 00 00
00 00 00 00 00 00 00 00
00 00 00 00 00 00 00 00
00 00 00 00 00 00 00 00
00 00 00 00 00 00 00 00
00 00 00 00 00 00 00 00
00 00 00 00 00 00 00 00
00 00 00 00 00 00 00 00
00 00 00 00 00 00 00 00
00 00 00 00 00 00 00 00
00 00 00 00 00 00 00 00
00 00 00 00 00 00 00 00
00 00 00 00 00 00 00 00
00 00 00 00 00 00 00 00
00 00 00 00 00 00 00 00
00 00 00 00 00 00 00 00
00 00 00 00 00 00 00 00
00 00 00 00 00 00 00 00
00 00 00 00 00 00 00 00
00 00 00 00 00 00 00 00
00 00 00 00 00 00 00 00
00 00 00 00 00 00 00 00
00 00 00 00 00 00 00 00
00 00 00 00 00 00 00 00
00 00 00 00 00 00 00 00
00 00 00 00 00 00 00 00
00 00 00 00 00 00 00 00
00 00 00 00 00 00 00 00
