42 4d 46 00 08 08 00 01
00 00 00 00 00 00 00 00
00 00 00 00 00 00 00 00
00 00 00 00 00 00 00 00
00 00 00 00 00 00 00 00
00 00 00 00 00 00 00 00
00 00 00 00 00 00 00 00
00 00 00 00 00 00 00 00
00 00 00 00 00 00 00 00
00 00 00 00 00 00 00 00
00 00 00 00 00 00 00 00
00 00 00 00 00 00 00 00
00 00 00 00 00 00 00 00
00 00 00 00 00 00 00 00
00 00 00 00 00 00 00 00
00 00 00 00 00 00 00 00
00 00 00 00 00 00 00 00
00 00 00 00 00 00 00 00
00 00 00 00 00 00 00 00
00 00 00 00 00 00 00 00
00 00 00 00 00 00 00 00
00 00 00 00 00 00 00 00
00 00 00 00 00 00 00 00
00 00 00 00 00 00 00 00
00 00 00 00 00 00 00 00
00 00 00 00 00 00 00 00
00 00 00 00 00 00 00 00
00 00 00 00 00 00 00 00
00 00 00 00 00 00 00 00
00 00 00 00 00 00 00 00
00 00 00 00 00 00 00 00
00 00 00 00 00 00 00 00
00 00 00 00 00 00 00 00
00 00 00 00 00 00 00 00 
20 20 20 20 00 20 20 00 
50 50 50 00 00 00 00 00 
00 50 70 50 70 50 00 00 
20 70 40 70 10 70 20 00 
40 40 10 20 40 10 10 00 
20 40 50 20 50 50 70 00 
20 20 40 00 00 00 00 00 
20 40 40 40 40 40 20 00 
40 20 20 20 20 20 40 00 
00 50 20 70 20 50 00 00 
00 20 20 70 20 20 00 00 
00 00 00 00 00 20 20 40 
00 00 00 70 00 00 00 00 
00 00 00 00 00 20 20 00 
10 10 20 20 20 40 40 00 
70 50 50 50 50 50 70 00 
20 60 20 20 20 20 70 00 
70 50 10 20 40 40 70 00 
70 10 10 20 10 50 70 00 
50 50 50 70 10 10 10 00 
70 40 40 70 10 50 70 00 
70 50 40 70 50 50 70 00 
70 50 50 50 10 10 10 00 
70 50 50 20 50 50 70 00 
70 50 50 70 10 10 10 00 
00 20 20 00 00 20 20 00 
00 20 20 00 00 20 20 40 
00 10 20 40 20 10 00 00 
00 00 70 00 70 00 00 00 
00 40 20 10 20 40 00 00 
70 50 10 20 00 20 20 00 
70 50 70 50 70 40 70 00 
70 50 50 70 50 50 50 00 
70 50 50 60 50 50 70 00 
70 50 50 40 50 50 70 00 
60 50 50 50 50 50 60 00 
70 40 40 70 40 40 70 00 
70 40 40 70 40 40 40 00 
70 40 40 50 50 50 70 00 
50 50 50 70 50 50 50 00 
70 20 20 20 20 20 70 00 
30 10 10 50 50 50 70 00 
50 50 50 60 50 50 50 00 
40 40 40 40 40 40 70 00 
50 70 70 50 50 50 50 00 
70 50 50 50 50 50 50 00 
70 50 50 50 50 50 70 00 
70 50 50 70 40 40 40 00 
70 50 50 50 50 50 20 10 
70 50 50 60 50 50 50 00 
70 50 40 70 10 50 70 00 
70 20 20 20 20 20 20 00 
50 50 50 50 50 50 70 00 
50 50 50 50 50 20 20 00 
50 50 50 70 70 70 50 00 
50 50 50 20 50 50 50 00 
50 50 50 20 20 20 20 00 
70 10 10 20 40 40 70 00 
70 40 40 40 40 40 70 00 
40 40 20 20 20 10 10 00 
70 10 10 10 10 10 70 00 
20 70 70 20 20 20 20 00 
00 00 00 00 00 00 00 f0 
70 50 50 40 60 40 70 00 
00 00 70 10 70 50 70 00 
40 40 70 50 50 50 70 00 
00 00 70 50 40 50 70 00 
10 10 70 50 50 50 70 00 
00 00 70 50 70 40 70 00 
70 50 40 70 40 40 40 00 
00 00 70 50 50 70 10 70 
40 40 70 50 50 50 50 00 
20 00 60 20 20 20 30 00 
10 00 10 10 10 50 50 70 
40 40 50 50 60 50 50 00 
60 20 20 20 20 20 30 00 
00 00 50 70 70 50 50 00 
00 00 70 50 50 50 50 00 
00 00 70 50 50 50 70 00 
00 00 70 50 50 70 40 40 
00 00 70 50 50 70 10 10 
00 00 70 50 40 40 40 00 
00 00 70 40 20 10 70 00 
40 40 70 40 50 50 70 00 
00 00 50 50 50 50 70 00 
00 00 50 50 50 20 20 00 
00 00 50 50 70 70 50 00 
00 00 50 50 20 50 50 00 
00 00 50 50 50 70 10 70 
00 00 70 10 20 40 70 00 
30 20 20 40 20 20 20 30 
20 20 20 20 20 20 20 20 
60 20 20 10 20 20 20 60 
d0 b0 00 00 00 00 00 00 
60 90 f0 d0 d0 f0 90 60 
00 00 00 00 00 00 00 00
00 00 00 00 00 00 00 00
00 00 00 00 00 00 00 00
00 00 00 00 00 00 00 00
00 00 00 00 00 00 00 00
00 00 00 00 00 00 00 00
00 00 00 00 00 00 00 00
00 00 00 00 00 00 00 00
00 00 00 00 00 00 00 00
00 00 00 00 00 00 00 00
00 00 00 00 00 00 00 00
00 00 00 00 00 00 00 00
00 00 00 00 00 00 00 00
00 00 00 00 00 00 00 00
00 00 00 00 00 00 00 00
00 00 00 00 00 00 00 00
00 00 00 00 00 00 00 00
00 00 00 00 00 00 00 00
00 00 00 00 00 00 00 00
00 00 00 00 00 00 00 00
00 00 00 00 00 00 00 00
00 00 00 00 00 00 00 00
00 00 00 00 00 00 00 00
00 00 00 00 00 00 00 00
00 00 00 00 00 00 00 00
00 00 00 00 00 00 00 00
00 00 00 00 00 00 00 00
00 00 00 00 00 00 00 00
00 00 00 00 00 00 00 00
00 00 00 00 00 00 00 00
00 00 00 00 00 00 00 00
00 00 00 00 00 00 00 00
00 00 00 00 00 00 00 00
00 00 00 00 00 00 00 00
00 00 00 00 00 00 00 00
00 00 00 00 00 00 00 00
00 00 00 00 00 00 00 00
00 00 00 00 00 00 00 00
00 00 00 00 00 00 00 00
00 00 00 00 00 00 00 00
00 00 00 00 00 00 00 00
00 00 00 00 00 00 00 00
00 00 00 00 00 00 00 00
00 00 00 00 00 00 00 00
00 00 00 00 00 00 00 00
00 00 00 00 00 00 00 00
00 00 00 00 00 00 00 00
00 00 00 00 00 00 00 00
00 00 00 00 00 00 00 00
00 00 00 00 00 00 00 00
00 00 00 00 00 00 00 00
00 00 00 00 00 00 00 00
00 00 00 00 00 00 00 00
00 00 00 00 00 00 00 00
00 00 00 00 00 00 00 00
00 00 00 00 00 00 00 00
00 00 00 00 00 00 00 00
00 00 00 00 00 00 00 00
00 00 00 00 00 00 00 00
00 00 00 00 00 00 00 00
00 00 00 00 00 00 00 00
00 00 00 00 00 00 00 00
00 00 00 00 00 00 00 00
00 00 00 00 00 00 00 00
00 00 00 00 00 00 00 00
00 00 00 00 00 00 00 00
00 00 00 00 00 00 00 00
00 00 00 00 00 00 00 00
00 00 00 00 00 00 00 00
00 00 00 00 00 00 00 00
00 00 00 00 00 00 00 00
00 00 00 00 00 00 00 00
00 00 00 00 00 00 00 00
00 00 00 00 00 00 00 00
00 00 00 00 00 00 00 00
00 00 00 00 00 00 00 00
00 00 00 00 00 00 00 00
00 00 00 00 00 00 00 00
00 00 00 00 00 00 00 00
00 00 00 00 00 00 00 00
00 00 00 00 00 00 00 00
00 00 00 00 00 00 00 00
00 00 00 00 00 00 00 00
00 00 00 00 00 00 00 00
00 00 00 00 00 00 00 00
00 00 00 00 00 00 00 00
00 00 00 00 00 00 00 00
00 00 00 00 00 00 00 00
00 00 00 00 00 00 00 00
00 00 00 00 00 00 00 00
00 00 00 00 00 00 00 00
00 00 00 00 00 00 00 00
00 00 00 00 00 00 00 00
00 00 00 00 00 00 00 00
00 00 00 00 00 00 00 00
00 00 00 00 00 00 00 00
00 00 00 00 00 00 00 00
00 00 00 00 00 00 00 00
00 00 00 00 00 00 00 00
00 00 00 00 00 00 00 00
00 00 00 00 00 00 00 00
00 00 00 00 00 00 00 00
00 00 00 00 00 00 00 00
00 00 00 00 00 00 00 00
00 00 00 00 00 00 00 00
00 00 00 00 00 00 00 00
00 00 00 00 00 00 00 00
00 00 00 00 00 00 00 00
00 00 00 00 00 00 00 00
00 00 00 00 00 00 00 00
00 00 00 00 00 00 00 00
00 00 00 00 00 00 00 00
00 00 00 00 00 00 00 00
00 00 00 00 00 00 00 00
00 00 00 00 00 00 00 00
00 00 00 00 00 00 00 00
00 00 00 00 00 00 00 00
00 00 00 00 00 00 00 00
00 00 00 00 00 00 00 00
00 00 00 00 00 00 00 00
00 00 00 00 00 00 00 00
00 00 00 00 00 00 00 00
00 00 00 00 00 00 00 00
00 00 00 00 00 00 00 00
00 00 00 00 00 00 00 00
00 00 00 00 00 00 00 00
00 00 00 00 00 00 00 00
00 00 00 00 00 00 00 00
