42 4d 46 00 08 08 00 01
00 00 00 00 00 00 00 00
00 00 00 00 00 00 00 00
00 00 00 00 00 00 00 00
00 00 00 00 00 00 00 00
00 00 00 00 00 00 00 00
00 00 00 00 00 00 00 00
00 00 00 00 00 00 00 00
00 00 00 00 00 00 00 00
00 00 00 00 00 00 00 00
00 00 00 00 00 00 00 00
00 00 00 00 00 00 00 00
00 00 00 00 00 00 00 00
00 00 00 00 00 00 00 00
00 00 00 00 00 00 00 00
00 00 00 00 00 00 00 00
00 00 00 00 00 00 00 00
00 00 00 00 00 00 00 00
00 00 00 00 00 00 00 00
00 00 00 00 00 00 00 00
00 00 00 00 00 00 00 00
00 00 00 00 00 00 00 00
00 00 00 00 00 00 00 00
00 00 00 00 00 00 00 00
00 00 00 00 00 00 00 00
00 00 00 00 00 00 00 00
00 00 00 00 00 00 00 00
00 00 00 00 00 00 00 00
00 00 00 00 00 00 00 00
00 00 00 00 00 00 00 00
00 00 00 00 00 00 00 00
00 00 00 00 00 00 00 00
00 00 00 00 00 00 00 00
00 00 00 00 00 00 00 00 
00 18 18 18 00 18 00 00 
00 6c 48 00 00 00 00 00 
00 28 7c 28 7c 28 00 00 
00 3e 68 38 2c f8 00 00 
00 66 6c 18 36 66 00 00 
00 78 66 3c 64 7e 00 00 
00 18 10 00 00 00 00 00 
0c 18 30 30 18 0c 00 00 
30 18 0c 0c 18 30 00 00 
00 10 7c 38 28 00 00 00 
00 10 10 7c 10 10 00 00 
00 00 00 00 00 18 10 00 
00 00 00 7c 00 00 00 00 
00 00 00 00 00 18 00 00 
00 06 0c 18 30 60 00 00 
00 7e 6e 76 66 7e 00 00 
00 38 18 18 18 18 00 00 
00 7e 06 3c 60 7e 00 00 
00 7e 06 1c 06 7e 00 00 
00 66 66 66 7e 06 00 00 
00 7e 60 7e 06 7c 00 00 
00 7e 60 7e 66 7e 00 00 
00 7e 06 1e 06 06 00 00 
00 7e 66 3c 66 7e 00 00 
00 7e 66 7e 06 7e 00 00 
00 00 18 00 00 18 00 00 
00 00 18 00 00 18 10 00 
00 0c 18 30 18 0c 00 00 
00 00 7c 00 7c 00 00 00 
00 30 18 0c 18 30 00 00 
00 7e 06 1e 00 18 00 00 
00 7e 6a 66 6e 60 7e 00 
00 fe 66 7e 66 66 00 00 
00 fe 66 7c 66 7e 00 00 
00 fe 66 60 66 7e 00 00 
00 fe 66 66 66 7c 00 00 
00 fe 60 78 60 7e 00 00 
00 fe 60 78 60 60 00 00 
00 fe 60 6e 66 7e 00 00 
00 e6 66 7e 66 66 00 00 
00 7e 18 18 18 7e 00 00 
00 1e 06 06 06 7e 00 00 
00 ee 6c 78 6c 6e 00 00 
00 e0 60 60 60 7e 00 00 
00 ff 6b 6b 6b 6b 00 00 
00 fe 66 66 66 66 00 00 
00 7e 66 66 66 7e 00 00 
00 fe 66 7e 60 60 00 00 
00 7e 66 66 6c 7c 06 00 
00 fe 66 7c 66 66 00 00 
00 7e 60 3c 06 7e 00 00 
00 7e 18 18 18 18 00 00 
00 e6 66 66 66 7e 00 00 
00 e6 66 66 3c 18 00 00 
00 eb 6b 6b 6b 7f 00 00 
00 e6 66 3c 66 66 00 00 
00 e6 66 3c 18 18 00 00 
00 7e 0c 18 30 7e 00 00 
00 3c 30 30 30 3c 00 00 
00 60 30 18 0c 06 00 00 
00 3c 0c 0c 0c 3c 00 00 
00 18 3c 66 00 00 00 00 
00 00 00 00 00 00 fe 00 
00 7e 60 f8 60 fe 00 00 
00 00 00 7e 66 7e 00 00 
00 e0 60 7e 66 7e 00 00 
00 00 00 7e 60 7e 00 00 
00 0e 06 7e 66 7e 00 00 
00 00 00 7c 68 7e 00 00 
00 3e 30 78 30 30 00 00 
00 00 00 7e 66 7e 06 7e 
00 e0 60 7e 66 66 00 00 
00 18 00 38 18 18 00 00 
00 0c 00 1c 0c 0c 0c 3c 
00 e0 60 6e 7c 66 00 00 
00 38 18 18 18 18 00 00 
00 00 00 ff 6b 6b 00 00 
00 00 00 fe 66 66 00 00 
00 00 00 7e 66 7e 00 00 
00 00 00 fe 66 7e 60 60 
00 00 00 fe cc fc 0c 0c 
00 00 00 fe 66 60 00 00 
00 00 00 7e 38 fc 00 00 
00 70 30 7c 30 3e 00 00 
00 00 00 e6 6e 76 00 00 
00 00 00 ee 6c 38 00 00 
00 00 00 eb 6b 7f 00 00 
00 00 00 66 3c 66 00 00 
00 00 00 e6 66 7e 06 7e 
00 00 00 fc 18 7e 00 00 
00 0c 18 70 18 0c 00 00 
00 18 18 18 18 18 00 00 
00 60 30 1c 30 60 00 00 
00 3a 5c 00 00 00 00 00 
38 44 ba b2 ba 44 38 00 
00 00 00 00 00 00 00 00
00 00 00 00 00 00 00 00
00 00 00 00 00 00 00 00
00 00 00 00 00 00 00 00
00 00 00 00 00 00 00 00
00 00 00 00 00 00 00 00
00 00 00 00 00 00 00 00
00 00 00 00 00 00 00 00
00 00 00 00 00 00 00 00
00 00 00 00 00 00 00 00
00 00 00 00 00 00 00 00
00 00 00 00 00 00 00 00
00 00 00 00 00 00 00 00
00 00 00 00 00 00 00 00
00 00 00 00 00 00 00 00
00 00 00 00 00 00 00 00
00 00 00 00 00 00 00 00
00 00 00 00 00 00 00 00
00 00 00 00 00 00 00 00
00 00 00 00 00 00 00 00
00 00 00 00 00 00 00 00
00 00 00 00 00 00 00 00
00 00 00 00 00 00 00 00
00 00 00 00 00 00 00 00
00 00 00 00 00 00 00 00
00 00 00 00 00 00 00 00
00 00 00 00 00 00 00 00
00 00 00 00 00 00 00 00
00 00 00 00 00 00 00 00
00 00 00 00 00 00 00 00
00 00 00 00 00 00 00 00
00 00 00 00 00 00 00 00
00 00 00 00 00 00 00 00
00 00 00 00 00 00 00 00
00 00 00 00 00 00 00 00
00 00 00 00 00 00 00 00
00 00 00 00 00 00 00 00
00 00 00 00 00 00 00 00
00 00 00 00 00 00 00 00
00 00 00 00 00 00 00 00
00 00 00 00 00 00 00 00
00 00 00 00 00 00 00 00
00 00 00 00 00 00 00 00
00 00 00 00 00 00 00 00
00 00 00 00 00 00 00 00
00 00 00 00 00 00 00 00
00 00 00 00 00 00 00 00
00 00 00 00 00 00 00 00
00 00 00 00 00 00 00 00
00 00 00 00 00 00 00 00
00 00 00 00 00 00 00 00
00 00 00 00 00 00 00 00
00 00 00 00 00 00 00 00
00 00 00 00 00 00 00 00
00 00 00 00 00 00 00 00
00 00 00 00 00 00 00 00
00 00 00 00 00 00 00 00
00 00 00 00 00 00 00 00
00 00 00 00 00 00 00 00
00 00 00 00 00 00 00 00
00 00 00 00 00 00 00 00
00 00 00 00 00 00 00 00
00 00 00 00 00 00 00 00
00 00 00 00 00 00 00 00
00 00 00 00 00 00 00 00
00 00 00 00 00 00 00 00
00 00 00 00 00 00 00 00
00 00 00 00 00 00 00 00
00 00 00 00 00 00 00 00
00 00 00 00 00 00 00 00
00 00 00 00 00 00 00 00
00 00 00 00 00 00 00 00
00 00 00 00 00 00 00 00
00 00 00 00 00 00 00 00
00 00 00 00 00 00 00 00
00 00 00 00 00 00 00 00
00 00 00 00 00 00 00 00
00 00 00 00 00 00 00 00
00 00 00 00 00 00 00 00
00 00 00 00 00 00 00 00
00 00 00 00 00 00 00 00
00 00 00 00 00 00 00 00
00 00 00 00 00 00 00 00
00 00 00 00 00 00 00 00
00 00 00 00 00 00 00 00
00 00 00 00 00 00 00 00
00 00 00 00 00 00 00 00
00 00 00 00 00 00 00 00
00 00 00 00 00 00 00 00
00 00 00 00 00 00 00 00
00 00 00 00 00 00 00 00
00 00 00 00 00 00 00 00
00 00 00 00 00 00 00 00
00 00 00 00 00 00 00 00
00 00 00 00 00 00 00 00
00 00 00 00 00 00 00 00
00 00 00 00 00 00 00 00
00 00 00 00 00 00 00 00
00 00 00 00 00 00 00 00
00 00 00 00 00 00 00 00
00 00 00 00 00 00 00 00
00 00 00 00 00 00 00 00
00 00 00 00 00 00 00 00
00 00 00 00 00 00 00 00
00 00 00 00 00 00 00 00
00 00 00 00 00 00 00 00
00 00 00 00 00 00 00 00
00 00 00 00 00 00 00 00
00 00 00 00 00 00 00 00
00 00 00 00 00 00 00 00
00 00 00 00 00 00 00 00
00 00 00 00 00 00 00 00
00 00 00 00 00 00 00 00
00 00 00 00 00 00 00 00
00 00 00 00 00 00 00 00
00 00 00 00 00 00 00 00
00 00 00 00 00 00 00 00
00 00 00 00 00 00 00 00
00 00 00 00 00 00 00 00
00 00 00 00 00 00 00 00
00 00 00 00 00 00 00 00
00 00 00 00 00 00 00 00
00 00 00 00 00 00 00 00
00 00 00 00 00 00 00 00
00 00 00 00 00 00 00 00
00 00 00 00 00 00 00 00
00 00 00 00 00 00 00 00
00 00 00 00 00 00 00 00
