42 4d 46 00 08 08 00 01
00 00 00 00 00 00 00 00
00 00 00 00 00 00 00 00
00 00 00 00 00 00 00 00
00 00 00 00 00 00 00 00
00 00 00 00 00 00 00 00
00 00 00 00 00 00 00 00
00 00 00 00 00 00 00 00
00 00 00 00 00 00 00 00
00 00 00 00 00 00 00 00
00 00 00 00 00 00 00 00
00 00 00 00 00 00 00 00
00 00 00 00 00 00 00 00
00 00 00 00 00 00 00 00
00 00 00 00 00 00 00 00
00 00 00 00 00 00 00 00
00 00 00 00 00 00 00 00
00 00 00 00 00 00 00 00
00 00 00 00 00 00 00 00
00 00 00 00 00 00 00 00
00 00 00 00 00 00 00 00
00 00 00 00 00 00 00 00
00 00 00 00 00 00 00 00
00 00 00 00 00 00 00 00
00 00 00 00 00 00 00 00
00 00 00 00 00 00 00 00
00 00 00 00 00 00 00 00
00 00 00 00 00 00 00 00
00 00 00 00 00 00 00 00
00 00 00 00 00 00 00 00
00 00 00 00 00 00 00 00
00 00 00 00 00 00 00 00
00 00 00 00 00 00 00 00
00 00 00 00 00 00 00 00 
18 18 18 18 18 00 18 00 
6c 6c 00 00 00 00 00 00 
00 6c fe 6c 6c fe 6c 00 
10 7c d6 70 1c d6 7c 10 
40 ec 58 30 64 ce 04 00 
70 d8 d8 70 de cc 7e 00 
18 18 00 00 00 00 00 00 
0c 18 30 30 30 18 0c 00 
30 18 0c 0c 0c 18 30 00 
18 7e 3c 3c 7e 18 00 00 
00 18 18 7e 18 18 00 00 
00 00 00 00 00 00 18 30 
00 00 00 fe 00 00 00 00 
00 00 00 00 00 00 18 00 
02 06 0c 18 30 60 40 00 
38 6c ce d6 e6 6c 38 00 
18 38 18 18 18 18 18 00 
7c c6 06 1c 70 c0 fe 00 
fe 06 0c 1c 06 c6 7c 00 
0c 18 30 6c cc fe 0c 00 
fe c0 fc 06 06 c6 7c 00 
3c 60 c0 fc c6 c6 7c 00 
fe 06 0c 18 30 60 c0 00 
7c c6 c6 7c c6 c6 7c 00 
7c c6 c6 7e 06 0c 78 00 
00 00 18 00 00 00 18 00 
00 00 18 00 00 00 18 30 
0c 18 30 60 30 18 0c 00 
00 00 7e 00 7e 00 00 00 
30 18 0c 06 0c 18 30 00 
7c c6 06 0c 18 00 18 00 
78 cc 06 76 d6 d6 6c 00 
10 38 28 6c 7c c6 c6 00 
fc c6 c6 fc c6 c6 fc 00 
3c 66 c0 c0 c0 66 3c 00 
f8 cc c6 c6 c6 cc f8 00 
fe c0 c0 fc c0 c0 fe 00 
fe c0 c0 fc c0 c0 c0 00 
3c 66 c0 ce c6 66 3e 00 
c6 c6 c6 fe c6 c6 c6 00 
7e 18 18 18 18 18 7e 00 
06 06 06 06 06 c6 7c 00 
c6 cc d8 f0 d8 cc c6 00 
c0 c0 c0 c0 c0 c0 fe 00 
c6 ee fe d6 c6 c6 c6 00 
c6 e6 f6 de ce c6 c6 00 
38 6c c6 c6 c6 6c 38 00 
fc c6 c6 fc c0 c0 c0 00 
38 6c c6 c6 ca 6c 36 00 
fc c6 c6 fc d8 cc c6 00 
7c c6 c0 7c 06 c6 7c 00 
7e 18 18 18 18 18 18 00 
c6 c6 c6 c6 c6 c6 7c 00 
c6 c6 c6 6c 6c 38 10 00 
c6 c6 c6 d6 fe ee 44 00 
c6 c6 6c 38 6c c6 c6 00 
66 66 66 3c 18 18 18 00 
fe 0c 18 30 60 c0 fe 00 
3c 30 30 30 30 30 3c 00 
40 60 30 18 0c 06 02 00 
3c 0c 0c 0c 0c 0c 3c 00 
10 38 6c c6 00 00 00 00 
00 00 00 00 00 00 00 ff 
3c 66 60 f8 60 60 fe 00 
00 00 7c 06 7e c6 7e 00 
c0 c0 dc e6 c6 c6 fc 00 
00 00 7c c6 c0 c6 7c 00 
06 06 76 ce c6 c6 7e 00 
00 00 7c c6 fe c0 7e 00 
1e 30 30 fc 30 30 30 00 
00 00 7e c6 c6 7e 06 7c 
c0 c0 dc e6 c6 c6 c6 00 
18 00 18 18 18 18 18 00 
06 00 06 06 06 06 66 3c 
c0 c0 c6 dc f0 dc c6 00 
38 18 18 18 18 18 18 00 
00 00 ec fe d6 d6 d6 00 
00 00 dc e6 c6 c6 c6 00 
00 00 7c c6 c6 c6 7c 00 
00 00 dc e6 c6 fc c0 c0 
00 00 76 ce c6 7e 06 06 
00 00 dc e6 c0 c0 c0 00 
00 00 7e c0 7c 06 fc 00 
30 30 fc 30 30 30 1e 00 
00 00 c6 c6 c6 ce 76 00 
00 00 c6 c6 6c 38 10 00 
00 00 c6 d6 d6 7c 28 00 
00 00 c6 6c 38 6c c6 00 
00 00 c6 c6 6c 38 30 60 
00 00 fe 0c 38 60 fe 00 
0e 18 18 70 18 18 0e 00 
18 18 18 18 18 18 18 00 
70 18 18 0e 18 18 70 00 
32 7e 4c 00 00 00 00 00 
3c 42 9d b1 b1 9d 42 3c 
00 00 00 00 00 00 00 00
00 00 00 00 00 00 00 00
00 00 00 00 00 00 00 00
00 00 00 00 00 00 00 00
00 00 00 00 00 00 00 00
00 00 00 00 00 00 00 00
00 00 00 00 00 00 00 00
00 00 00 00 00 00 00 00
00 00 00 00 00 00 00 00
00 00 00 00 00 00 00 00
00 00 00 00 00 00 00 00
00 00 00 00 00 00 00 00
00 00 00 00 00 00 00 00
00 00 00 00 00 00 00 00
00 00 00 00 00 00 00 00
00 00 00 00 00 00 00 00
00 00 00 00 00 00 00 00
00 00 00 00 00 00 00 00
00 00 00 00 00 00 00 00
00 00 00 00 00 00 00 00
00 00 00 00 00 00 00 00
00 00 00 00 00 00 00 00
00 00 00 00 00 00 00 00
00 00 00 00 00 00 00 00
00 00 00 00 00 00 00 00
00 00 00 00 00 00 00 00
00 00 00 00 00 00 00 00
00 00 00 00 00 00 00 00
00 00 00 00 00 00 00 00
00 00 00 00 00 00 00 00
00 00 00 00 00 00 00 00
00 00 00 00 00 00 00 00
00 00 00 00 00 00 00 00
00 00 00 00 00 00 00 00
00 00 00 00 00 00 00 00
00 00 00 00 00 00 00 00
00 00 00 00 00 00 00 00
00 00 00 00 00 00 00 00
00 00 00 00 00 00 00 00
00 00 00 00 00 00 00 00
00 00 00 00 00 00 00 00
00 00 00 00 00 00 00 00
00 00 00 00 00 00 00 00
00 00 00 00 00 00 00 00
00 00 00 00 00 00 00 00
00 00 00 00 00 00 00 00
00 00 00 00 00 00 00 00
00 00 00 00 00 00 00 00
00 00 00 00 00 00 00 00
00 00 00 00 00 00 00 00
00 00 00 00 00 00 00 00
00 00 00 00 00 00 00 00
00 00 00 00 00 00 00 00
00 00 00 00 00 00 00 00
00 00 00 00 00 00 00 00
00 00 00 00 00 00 00 00
00 00 00 00 00 00 00 00
00 00 00 00 00 00 00 00
00 00 00 00 00 00 00 00
00 00 00 00 00 00 00 00
00 00 00 00 00 00 00 00
00 00 00 00 00 00 00 00
00 00 00 00 00 00 00 00
00 00 00 00 00 00 00 00
00 00 00 00 00 00 00 00
00 00 00 00 00 00 00 00
00 00 00 00 00 00 00 00
00 00 00 00 00 00 00 00
00 00 00 00 00 00 00 00
00 00 00 00 00 00 00 00
00 00 00 00 00 00 00 00
00 00 00 00 00 00 00 00
00 00 00 00 00 00 00 00
00 00 00 00 00 00 00 00
00 00 00 00 00 00 00 00
00 00 00 00 00 00 00 00
00 00 00 00 00 00 00 00
00 00 00 00 00 00 00 00
00 00 00 00 00 00 00 00
00 00 00 00 00 00 00 00
00 00 00 00 00 00 00 00
00 00 00 00 00 00 00 00
00 00 00 00 00 00 00 00
00 00 00 00 00 00 00 00
00 00 00 00 00 00 00 00
00 00 00 00 00 00 00 00
00 00 00 00 00 00 00 00
00 00 00 00 00 00 00 00
00 00 00 00 00 00 00 00
00 00 00 00 00 00 00 00
00 00 00 00 00 00 00 00
00 00 00 00 00 00 00 00
00 00 00 00 00 00 00 00
00 00 00 00 00 00 00 00
00 00 00 00 00 00 00 00
00 00 00 00 00 00 00 00
00 00 00 00 00 00 00 00
00 00 00 00 00 00 00 00
00 00 00 00 00 00 00 00
00 00 00 00 00 00 00 00
00 00 00 00 00 00 00 00
00 00 00 00 00 00 00 00
00 00 00 00 00 00 00 00
00 00 00 00 00 00 00 00
00 00 00 00 00 00 00 00
00 00 00 00 00 00 00 00
00 00 00 00 00 00 00 00
00 00 00 00 00 00 00 00
00 00 00 00 00 00 00 00
00 00 00 00 00 00 00 00
00 00 00 00 00 00 00 00
00 00 00 00 00 00 00 00
00 00 00 00 00 00 00 00
00 00 00 00 00 00 00 00
00 00 00 00 00 00 00 00
00 00 00 00 00 00 00 00
00 00 00 00 00 00 00 00
00 00 00 00 00 00 00 00
00 00 00 00 00 00 00 00
00 00 00 00 00 00 00 00
00 00 00 00 00 00 00 00
00 00 00 00 00 00 00 00
00 00 00 00 00 00 00 00
00 00 00 00 00 00 00 00
00 00 00 00 00 00 00 00
00 00 00 00 00 00 00 00
00 00 00 00 00 00 00 00
00 00 00 00 00 00 00 00
