42 4d 46 00 08 08 00 01
00 00 00 00 00 00 00 00
00 00 00 00 00 00 00 00
00 00 00 00 00 00 00 00
00 00 00 00 00 00 00 00
00 00 00 00 00 00 00 00
00 00 00 00 00 00 00 00
00 00 00 00 00 00 00 00
00 00 00 00 00 00 00 00
00 00 00 00 00 00 00 00
00 00 00 00 00 00 00 00
00 00 00 00 00 00 00 00
00 00 00 00 00 00 00 00
00 00 00 00 00 00 00 00
00 00 00 00 00 00 00 00
00 00 00 00 00 00 00 00
00 00 00 00 00 00 00 00
00 00 00 00 00 00 00 00
00 00 00 00 00 00 00 00
00 00 00 00 00 00 00 00
00 00 00 00 00 00 00 00
00 00 00 00 00 00 00 00
00 00 00 00 00 00 00 00
00 00 00 00 00 00 00 00
00 00 00 00 00 00 00 00
00 00 00 00 00 00 00 00
00 00 00 00 00 00 00 00
00 00 00 00 00 00 00 00
00 00 00 00 00 00 00 00
00 00 00 00 00 00 00 00
00 00 00 00 00 00 00 00
00 00 00 00 00 00 00 00
00 00 00 00 00 00 00 00
00 00 00 00 00 00 00 00 
0c 1c 18 38 10 20 70 60 
33 77 66 88 00 00 00 00 
22 77 ff 66 ff ee 44 00 
0c 3e 68 38 9c fc 78 30 
61 e6 cc 38 73 e7 c6 00 
38 70 e6 7e ec fe 76 00 
18 38 30 40 00 00 00 00 
1c 38 30 70 70 78 38 00 
1c 0e 0e 0e 0c 1c 38 00 
00 18 7e 38 fc 30 00 00 
00 18 38 fe 38 30 00 00 
00 00 00 00 0c 1c 18 20 
00 00 00 7e fc 00 00 00 
00 00 00 00 18 38 30 00 
01 06 0c 38 70 e0 c0 00 
18 7c 66 c6 ce fc 78 00 
0c 3c 1c 18 38 38 78 00 
3c 7e 4c 38 60 fe fc 00 
3c 7e 4c 18 4c fc 78 00 
64 6c ec fe 38 38 30 00 
3e 7c 60 38 8c fc 78 00 
0c 1c 38 3c 66 7e 3c 00 
3c 7e 0c 1c 18 38 30 00 
3c 7e 6c 38 6c fc 78 00 
3c 7e 66 3c 18 38 30 00 
0c 1c 18 00 18 38 30 00 
0c 1c 18 00 18 38 30 40 
0c 18 30 60 30 18 0c 00 
00 00 7e 00 7e 00 00 00 
30 18 0c 06 0c 18 30 00 
3c 7e 4c 18 18 20 70 60 
1c 76 7e de c1 fe 7c 00 
1c 3e 76 66 fe ee cc 00 
7c fe 66 6c fe e6 fc 00 
1c 7e 66 c0 c2 fc 78 00 
3c 7e 36 66 6e fc f8 00 
3e 7c 60 7c e0 fe fc 00 
3e 7c 60 7c e0 e0 c0 00 
18 7c 60 ce c6 fc 78 00 
33 77 66 7e ee ee cc 00 
0c 1c 18 18 38 38 30 00 
06 06 0e 0c 0c 9c f8 70 
33 77 66 7c ec ee c6 00 
10 30 30 70 60 60 7c 00 
23 77 7f fe d6 c6 84 00 
22 76 7e fc dc cc 88 00 
18 7c 66 c6 c6 ec 78 00 
7c fe 66 6c f8 e0 c0 80 
18 7c 66 c6 d6 ec 7e 06 
7c fe 66 6c f8 ec ce 00 
3c 7e 60 38 8c fc 78 00 
3f fc 18 18 38 38 30 00 
22 66 66 ce cc ec 78 00 
22 66 66 6c 6c 7c 38 00 
21 63 6b d6 d6 fe 7c 00 
63 67 76 3c 6c ee c6 00 
63 67 76 3c 18 30 30 00 
3e 7e 0c 38 60 fe fc 00 
1e 38 30 70 70 70 3c 00 
c0 e0 70 38 0c 06 01 00 
3c 0e 0e 0e 0c 1c 78 00 
08 3c 7e 18 30 30 20 00 
00 00 00 00 00 00 7f fe 
3c 7e 70 fc e0 fe fc 00 
00 00 36 7e ec fe 76 00 
30 70 6c 7e e6 fe fc 00 
00 00 3c 7e e0 f8 7c 00 
03 07 37 7e ee fe 76 00 
00 00 3c 7c d8 fe 7c 00 
1e 3f 32 f8 70 60 e0 c0 
00 00 3c 7e 6e 1c 7c f0 
30 30 7c 7e e6 ee cc 00 
1c 00 18 38 38 70 30 00 
0e 00 0c 1c 1c d8 f8 70 
30 30 76 7e fc ee cc 00 
0c 1c 1c 38 38 38 30 00 
00 00 6a 7f ff db d2 00 
00 00 6c 7e e6 ee cc 00 
00 00 3c 7e ee fc 78 00 
00 00 6e 7f 77 7e ec e0 
00 00 3c 7e ee fe 6c 0c 
00 00 6e 7c e0 e0 c0 00 
00 00 3e 7c 30 fc 78 00 
0c 1c 7e 38 38 3e 1c 00 
00 00 66 66 ec fc 78 00 
00 00 66 6e fc f8 70 00 
00 00 36 63 eb fe 7c 00 
00 00 66 7e 3c 7c ee 00 
00 00 46 ee 7c 1c 38 70 
00 00 7e 1c 30 7e fc 00 
0f 1c 18 f0 38 38 1e 00 
08 1c 1c 1c 38 38 38 30 
78 1c 1c 0f 18 38 f0 00 
31 76 fc d8 00 00 00 00 
3c 42 9d b9 b9 9d 42 3c 
00 00 00 00 00 00 00 00
00 00 00 00 00 00 00 00
00 00 00 00 00 00 00 00
00 00 00 00 00 00 00 00
00 00 00 00 00 00 00 00
00 00 00 00 00 00 00 00
00 00 00 00 00 00 00 00
00 00 00 00 00 00 00 00
00 00 00 00 00 00 00 00
00 00 00 00 00 00 00 00
00 00 00 00 00 00 00 00
00 00 00 00 00 00 00 00
00 00 00 00 00 00 00 00
00 00 00 00 00 00 00 00
00 00 00 00 00 00 00 00
00 00 00 00 00 00 00 00
00 00 00 00 00 00 00 00
00 00 00 00 00 00 00 00
00 00 00 00 00 00 00 00
00 00 00 00 00 00 00 00
00 00 00 00 00 00 00 00
00 00 00 00 00 00 00 00
00 00 00 00 00 00 00 00
00 00 00 00 00 00 00 00
00 00 00 00 00 00 00 00
00 00 00 00 00 00 00 00
00 00 00 00 00 00 00 00
00 00 00 00 00 00 00 00
00 00 00 00 00 00 00 00
00 00 00 00 00 00 00 00
00 00 00 00 00 00 00 00
00 00 00 00 00 00 00 00
00 00 00 00 00 00 00 00
00 00 00 00 00 00 00 00
00 00 00 00 00 00 00 00
00 00 00 00 00 00 00 00
00 00 00 00 00 00 00 00
00 00 00 00 00 00 00 00
00 00 00 00 00 00 00 00
00 00 00 00 00 00 00 00
00 00 00 00 00 00 00 00
00 00 00 00 00 00 00 00
00 00 00 00 00 00 00 00
00 00 00 00 00 00 00 00
00 00 00 00 00 00 00 00
00 00 00 00 00 00 00 00
00 00 00 00 00 00 00 00
00 00 00 00 00 00 00 00
00 00 00 00 00 00 00 00
00 00 00 00 00 00 00 00
00 00 00 00 00 00 00 00
00 00 00 00 00 00 00 00
00 00 00 00 00 00 00 00
00 00 00 00 00 00 00 00
00 00 00 00 00 00 00 00
00 00 00 00 00 00 00 00
00 00 00 00 00 00 00 00
00 00 00 00 00 00 00 00
00 00 00 00 00 00 00 00
00 00 00 00 00 00 00 00
00 00 00 00 00 00 00 00
00 00 00 00 00 00 00 00
00 00 00 00 00 00 00 00
00 00 00 00 00 00 00 00
00 00 00 00 00 00 00 00
00 00 00 00 00 00 00 00
00 00 00 00 00 00 00 00
00 00 00 00 00 00 00 00
00 00 00 00 00 00 00 00
00 00 00 00 00 00 00 00
00 00 00 00 00 00 00 00
00 00 00 00 00 00 00 00
00 00 00 00 00 00 00 00
00 00 00 00 00 00 00 00
00 00 00 00 00 00 00 00
00 00 00 00 00 00 00 00
00 00 00 00 00 00 00 00
00 00 00 00 00 00 00 00
00 00 00 00 00 00 00 00
00 00 00 00 00 00 00 00
00 00 00 00 00 00 00 00
00 00 00 00 00 00 00 00
00 00 00 00 00 00 00 00
00 00 00 00 00 00 00 00
00 00 00 00 00 00 00 00
00 00 00 00 00 00 00 00
00 00 00 00 00 00 00 00
00 00 00 00 00 00 00 00
00 00 00 00 00 00 00 00
00 00 00 00 00 00 00 00
00 00 00 00 00 00 00 00
00 00 00 00 00 00 00 00
00 00 00 00 00 00 00 00
00 00 00 00 00 00 00 00
00 00 00 00 00 00 00 00
00 00 00 00 00 00 00 00
00 00 00 00 00 00 00 00
00 00 00 00 00 00 00 00
00 00 00 00 00 00 00 00
00 00 00 00 00 00 00 00
00 00 00 00 00 00 00 00
00 00 00 00 00 00 00 00
00 00 00 00 00 00 00 00
00 00 00 00 00 00 00 00
00 00 00 00 00 00 00 00
00 00 00 00 00 00 00 00
00 00 00 00 00 00 00 00
00 00 00 00 00 00 00 00
00 00 00 00 00 00 00 00
00 00 00 00 00 00 00 00
00 00 00 00 00 00 00 00
00 00 00 00 00 00 00 00
00 00 00 00 00 00 00 00
00 00 00 00 00 00 00 00
00 00 00 00 00 00 00 00
00 00 00 00 00 00 00 00
00 00 00 00 00 00 00 00
00 00 00 00 00 00 00 00
00 00 00 00 00 00 00 00
00 00 00 00 00 00 00 00
00 00 00 00 00 00 00 00
00 00 00 00 00 00 00 00
00 00 00 00 00 00 00 00
00 00 00 00 00 00 00 00
00 00 00 00 00 00 00 00
00 00 00 00 00 00 00 00
00 00 00 00 00 00 00 00
00 00 00 00 00 00 00 00
