42 4d 46 00 08 08 00 01
00 00 00 00 00 00 00 00
00 00 00 00 00 00 00 00
00 00 00 00 00 00 00 00
00 00 00 00 00 00 00 00
00 00 00 00 00 00 00 00
00 00 00 00 00 00 00 00
00 00 00 00 00 00 00 00
00 00 00 00 00 00 00 00
00 00 00 00 00 00 00 00
00 00 00 00 00 00 00 00
00 00 00 00 00 00 00 00
00 00 00 00 00 00 00 00
00 00 00 00 00 00 00 00
00 00 00 00 00 00 00 00
00 00 00 00 00 00 00 00
00 00 00 00 00 00 00 00
00 00 00 00 00 00 00 00
00 00 00 00 00 00 00 00
00 00 00 00 00 00 00 00
00 00 00 00 00 00 00 00
00 00 00 00 00 00 00 00
00 00 00 00 00 00 00 00
00 00 00 00 00 00 00 00
00 00 00 00 00 00 00 00
00 00 00 00 00 00 00 00
00 00 00 00 00 00 00 00
00 00 00 00 00 00 00 00
00 00 00 00 00 00 00 00
00 00 00 00 00 00 00 00
00 00 00 00 00 00 00 00
00 00 00 00 00 00 00 00
00 00 00 00 00 00 00 00
00 00 00 00 00 00 00 00 
40 40 40 40 00 40 40 00 
48 48 90 00 00 00 00 00 
00 50 f8 50 f8 50 00 00 
10 78 80 f8 08 f0 40 00 
60 a8 d0 20 58 a8 30 00 
70 90 90 40 98 90 e8 00 
40 40 80 00 00 00 00 00 
10 20 40 40 40 20 10 00 
40 20 10 10 10 20 40 00 
00 20 a8 70 a8 20 00 00 
00 20 20 f8 20 20 00 00 
00 00 00 00 00 40 40 80 
00 00 00 f8 00 00 00 00 
00 00 00 00 00 40 40 00 
08 08 10 20 40 80 80 00 
78 88 98 88 c8 88 f0 00 
60 20 20 20 20 20 20 00 
f0 08 10 20 40 80 f8 00 
f8 08 08 70 08 08 f0 00 
80 80 90 90 d8 10 10 00 
f8 80 80 f8 08 08 f0 00 
30 40 80 b0 88 88 f0 00 
f8 08 08 10 20 20 20 00 
78 88 88 50 88 88 f0 00 
78 88 88 68 08 10 60 00 
00 40 40 00 00 40 40 00 
00 40 40 00 00 40 40 80 
00 10 20 40 20 10 00 00 
00 00 f8 00 f8 00 00 00 
00 40 20 10 20 40 00 00 
f8 08 08 30 00 20 20 00 
38 48 98 a8 b0 80 f0 00 
78 88 88 b8 88 88 88 00 
f8 88 08 f0 08 88 f0 00 
78 88 80 80 80 88 f0 00 
f8 08 88 88 88 88 f0 00 
f8 80 00 f0 00 80 f8 00 
f8 80 00 f0 80 80 80 00 
78 88 80 98 88 88 f0 00 
88 88 88 e8 88 88 88 00 
40 40 40 40 40 40 40 00 
08 08 08 08 88 88 f0 00 
88 88 90 a0 90 88 88 00 
80 80 80 80 80 80 f8 00 
78 88 a8 a8 a8 a8 a8 00 
78 88 88 88 88 88 88 00 
78 88 88 88 88 88 f0 00 
f8 08 08 f0 80 80 80 00 
78 88 88 88 88 90 e8 00 
f8 08 08 f0 90 88 88 00 
78 80 80 f8 08 08 f0 00 
f8 20 20 20 20 20 20 00 
88 88 88 88 88 88 f0 00 
88 88 88 88 90 a0 c0 00 
88 88 88 a8 a8 a8 d0 00 
88 88 50 00 50 88 88 00 
88 88 50 00 20 20 20 00 
7c 04 08 00 20 40 7c 00 
70 40 40 40 40 40 70 00 
80 80 40 20 10 08 08 00 
70 10 10 10 10 10 70 00 
20 50 88 00 00 00 00 00 
00 00 00 00 00 00 00 f8 
78 88 80 b0 80 80 f8 00 
00 00 78 08 68 88 f8 00 
80 80 b8 88 88 88 f0 00 
00 00 78 88 80 80 f8 00 
08 08 68 88 88 88 f0 00 
00 00 78 88 b0 80 f8 00 
38 40 00 f0 40 40 40 00 
00 00 78 88 88 e8 08 70 
80 80 b8 88 88 88 88 00 
40 00 40 40 40 40 40 00 
20 00 20 20 20 20 20 c0 
80 80 88 90 a0 90 88 00 
c0 40 40 40 40 40 40 00 
00 00 78 88 a8 a8 a8 00 
00 00 78 88 88 88 88 00 
00 00 78 88 88 88 f0 00 
00 00 78 88 88 b0 80 80 
00 00 78 88 88 e8 08 08 
00 00 b8 88 80 80 80 00 
00 00 78 80 f8 08 f0 00 
40 40 f0 00 40 40 78 00 
00 00 88 88 88 88 f0 00 
00 00 88 88 90 a0 c0 00 
00 00 a8 a8 a8 88 f0 00 
00 00 88 88 50 88 88 00 
00 00 88 88 88 e8 08 70 
00 00 f8 10 00 40 f8 00 
38 20 20 c0 20 20 38 00 
40 40 40 40 40 40 40 00 
e0 20 20 18 20 20 e0 00 
c8 a8 98 00 00 00 00 00 
38 40 98 a8 a0 b8 80 f8 
00 00 00 00 00 00 00 00
00 00 00 00 00 00 00 00
00 00 00 00 00 00 00 00
00 00 00 00 00 00 00 00
00 00 00 00 00 00 00 00
00 00 00 00 00 00 00 00
00 00 00 00 00 00 00 00
00 00 00 00 00 00 00 00
00 00 00 00 00 00 00 00
00 00 00 00 00 00 00 00
00 00 00 00 00 00 00 00
00 00 00 00 00 00 00 00
00 00 00 00 00 00 00 00
00 00 00 00 00 00 00 00
00 00 00 00 00 00 00 00
00 00 00 00 00 00 00 00
00 00 00 00 00 00 00 00
00 00 00 00 00 00 00 00
00 00 00 00 00 00 00 00
00 00 00 00 00 00 00 00
00 00 00 00 00 00 00 00
00 00 00 00 00 00 00 00
00 00 00 00 00 00 00 00
00 00 00 00 00 00 00 00
00 00 00 00 00 00 00 00
00 00 00 00 00 00 00 00
00 00 00 00 00 00 00 00
00 00 00 00 00 00 00 00
00 00 00 00 00 00 00 00
00 00 00 00 00 00 00 00
00 00 00 00 00 00 00 00
00 00 00 00 00 00 00 00
00 00 00 00 00 00 00 00
00 00 00 00 00 00 00 00
00 00 00 00 00 00 00 00
00 00 00 00 00 00 00 00
00 00 00 00 00 00 00 00
00 00 00 00 00 00 00 00
00 00 00 00 00 00 00 00
00 00 00 00 00 00 00 00
00 00 00 00 00 00 00 00
00 00 00 00 00 00 00 00
00 00 00 00 00 00 00 00
00 00 00 00 00 00 00 00
00 00 00 00 00 00 00 00
00 00 00 00 00 00 00 00
00 00 00 00 00 00 00 00
00 00 00 00 00 00 00 00
00 00 00 00 00 00 00 00
00 00 00 00 00 00 00 00
00 00 00 00 00 00 00 00
00 00 00 00 00 00 00 00
00 00 00 00 00 00 00 00
00 00 00 00 00 00 00 00
00 00 00 00 00 00 00 00
00 00 00 00 00 00 00 00
00 00 00 00 00 00 00 00
00 00 00 00 00 00 00 00
00 00 00 00 00 00 00 00
00 00 00 00 00 00 00 00
00 00 00 00 00 00 00 00
00 00 00 00 00 00 00 00
00 00 00 00 00 00 00 00
00 00 00 00 00 00 00 00
00 00 00 00 00 00 00 00
00 00 00 00 00 00 00 00
00 00 00 00 00 00 00 00
00 00 00 00 00 00 00 00
00 00 00 00 00 00 00 00
00 00 00 00 00 00 00 00
00 00 00 00 00 00 00 00
00 00 00 00 00 00 00 00
00 00 00 00 00 00 00 00
00 00 00 00 00 00 00 00
00 00 00 00 00 00 00 00
00 00 00 00 00 00 00 00
00 00 00 00 00 00 00 00
00 00 00 00 00 00 00 00
00 00 00 00 00 00 00 00
00 00 00 00 00 00 00 00
00 00 00 00 00 00 00 00
00 00 00 00 00 00 00 00
00 00 00 00 00 00 00 00
00 00 00 00 00 00 00 00
00 00 00 00 00 00 00 00
00 00 00 00 00 00 00 00
00 00 00 00 00 00 00 00
00 00 00 00 00 00 00 00
00 00 00 00 00 00 00 00
00 00 00 00 00 00 00 00
00 00 00 00 00 00 00 00
00 00 00 00 00 00 00 00
00 00 00 00 00 00 00 00
00 00 00 00 00 00 00 00
00 00 00 00 00 00 00 00
00 00 00 00 00 00 00 00
00 00 00 00 00 00 00 00
00 00 00 00 00 00 00 00
00 00 00 00 00 00 00 00
00 00 00 00 00 00 00 00
00 00 00 00 00 00 00 00
00 00 00 00 00 00 00 00
00 00 00 00 00 00 00 00
00 00 00 00 00 00 00 00
00 00 00 00 00 00 00 00
00 00 00 00 00 00 00 00
00 00 00 00 00 00 00 00
00 00 00 00 00 00 00 00
00 00 00 00 00 00 00 00
00 00 00 00 00 00 00 00
00 00 00 00 00 00 00 00
00 00 00 00 00 00 00 00
00 00 00 00 00 00 00 00
00 00 00 00 00 00 00 00
00 00 00 00 00 00 00 00
00 00 00 00 00 00 00 00
00 00 00 00 00 00 00 00
00 00 00 00 00 00 00 00
00 00 00 00 00 00 00 00
00 00 00 00 00 00 00 00
00 00 00 00 00 00 00 00
00 00 00 00 00 00 00 00
00 00 00 00 00 00 00 00
00 00 00 00 00 00 00 00
00 00 00 00 00 00 00 00
00 00 00 00 00 00 00 00
00 00 00 00 00 00 00 00
00 00 00 00 00 00 00 00
