42 4d 46 00 08 08 00 01
00 00 00 00 00 00 00 00
00 00 00 00 00 00 00 00
00 00 00 00 00 00 00 00
00 00 00 00 00 00 00 00
00 00 00 00 00 00 00 00
00 00 00 00 00 00 00 00
00 00 00 00 00 00 00 00
00 00 00 00 00 00 00 00
00 00 00 00 00 00 00 00
00 00 00 00 00 00 00 00
00 00 00 00 00 00 00 00
00 00 00 00 00 00 00 00
00 00 00 00 00 00 00 00
00 00 00 00 00 00 00 00
00 00 00 00 00 00 00 00
00 00 00 00 00 00 00 00
00 00 00 00 00 00 00 00
00 00 00 00 00 00 00 00
00 00 00 00 00 00 00 00
00 00 00 00 00 00 00 00
00 00 00 00 00 00 00 00
00 00 00 00 00 00 00 00
00 00 00 00 00 00 00 00
00 00 00 00 00 00 00 00
00 00 00 00 00 00 00 00
00 00 00 00 00 00 00 00
00 00 00 00 00 00 00 00
00 00 00 00 00 00 00 00
00 00 00 00 00 00 00 00
00 00 00 00 00 00 00 00
00 00 00 00 00 00 00 00
00 00 00 00 00 00 00 00
00 00 00 00 00 00 00 00 
18 18 18 18 00 18 18 00 
66 ee cc 00 00 00 00 00 
6c fe fe 6c fe fe 6c 00 
7e fe d0 7c 16 fe fc 00 
c4 ce 1c 38 70 e6 46 00 
70 f8 d8 fe cc fe 7e 00 
18 38 30 00 00 00 00 00 
1c 3c 70 70 70 3c 1c 00 
70 78 1c 1c 1c 78 70 00 
18 7e 7e 3c 7e 7e 18 00 
00 18 18 7e 7e 18 18 00 
00 00 00 00 00 18 38 30 
00 00 00 7e 7e 00 00 00 
00 00 00 00 00 18 18 00 
04 0e 1c 38 70 e0 40 00 
38 7c ee c6 ee 7c 38 00 
70 78 38 38 38 fe fe 00 
fc fe 0e 7c 00 fe fe 00 
fc fe 00 3c 06 fe fc 00 
38 7c ec cc ee 6e 0c 00 
fe fe 00 fc 06 fe fc 00 
7e fe c0 dc c6 fe 7c 00 
fc fe 06 1e 1e 06 06 00 
7c fe 06 7c c6 fe 7c 00 
7c fe c6 76 06 fe fc 00 
00 00 18 18 00 18 18 00 
00 00 18 18 00 18 38 30 
0e 1c 38 70 38 1c 0e 00 
00 7e 7e 00 7e 7e 00 00 
70 38 1c 0e 1c 38 70 00 
7c 7e 06 0c 00 0c 0c 00 
7c fe d6 de c0 fe 7e 00 
f0 f8 1c cc ce fe fe 00 
fc fe 06 fc c6 fe fc 00 
7e fe c0 c0 c0 fe 7e 00 
f8 fc 0e c6 ce fc f8 00 
fe fe 00 f8 c0 fe fe 00 
fe fe 00 f8 f8 c0 c0 00 
7e fe 00 c6 c6 fe 7e 00 
c6 c6 fe fe c0 c6 c6 00 
3c 3c 00 18 18 3c 3c 00 
06 06 06 06 0e 7c 78 00 
c6 0e fc f8 dc ce c6 00 
c0 c0 c0 c0 c0 fe 7e 00 
6c fe c6 d6 d6 d6 c6 00 
fc fe 06 c6 c6 c6 c6 00 
7c fe 06 c6 c6 fe 7c 00 
fc fe 06 fe fc c0 c0 00 
7c fe c6 c6 dc ee 76 00 
fc fe 06 fc fe c6 c6 00 
7e fe 00 7c 0e fe fc 00 
7e 7e 00 18 18 18 18 00 
c6 c6 c6 c6 c0 fe 7c 00 
c6 c6 c6 c6 ee 7c 38 00 
c6 c6 c6 d6 fe ee c6 00 
c6 c6 7c 00 7c c6 c6 00 
c6 c6 fe 7e 00 fe fc 00 
fe fe 1c 38 70 ee de 00 
7c 7c 60 60 60 7c 7c 00 
40 e0 70 38 1c 0e 04 00 
3e 3e 06 06 06 3e 3e 00 
10 38 7c fe 00 38 38 00 
00 00 00 00 00 00 ff ff 
3e 7e 00 7c c0 fe fe 00 
00 7c 00 7e c6 fe 7e 00 
c0 dc de c6 c6 fe fc 00 
00 7e fe c0 c0 fe 7e 00 
06 76 f6 c6 c6 fe 7e 00 
00 7c c6 de c0 fe 7e 00 
1e 3e 00 78 78 30 30 00 
00 7c fe c6 76 06 fe fc 
c0 dc de c6 c6 c6 c6 00 
18 18 00 18 18 18 18 00 
06 06 00 06 06 0e 7e 7c 
c0 c6 ce fc fc ce c6 00 
18 1c 0c 0c 0c 0c 0c 00 
00 7c fe c6 d6 d6 d6 00 
00 7c fe c6 c6 c6 c6 00 
00 7c fe 06 c6 fe 7c 00 
00 fc fe c6 c6 de dc c0 
00 7e fe c6 c6 f6 76 06 
00 7c fe c6 c0 c0 c0 00 
00 7e c0 fc 7e 06 fc 00 
60 f0 f0 60 60 7e 3e 00 
00 c6 c6 c6 c6 fe 7c 00 
00 c6 c6 c6 ee 7c 38 00 
00 d6 d6 d6 c6 fe 7c 00 
00 c6 ee 00 7c ee c6 00 
00 c6 c6 f6 76 06 fe fc 
00 fe fe 1c 70 ee de 00 
1e 3e f0 f0 00 3e 1e 00 
18 18 18 18 18 18 18 00 
f0 f8 1e 1e 00 f8 f0 00 
36 7e 6c 00 00 00 00 00 
1e 22 42 4c 4c 42 22 1e 
00 00 00 00 00 00 00 00
00 00 00 00 00 00 00 00
00 00 00 00 00 00 00 00
00 00 00 00 00 00 00 00
00 00 00 00 00 00 00 00
00 00 00 00 00 00 00 00
00 00 00 00 00 00 00 00
00 00 00 00 00 00 00 00
00 00 00 00 00 00 00 00
00 00 00 00 00 00 00 00
00 00 00 00 00 00 00 00
00 00 00 00 00 00 00 00
00 00 00 00 00 00 00 00
00 00 00 00 00 00 00 00
00 00 00 00 00 00 00 00
00 00 00 00 00 00 00 00
00 00 00 00 00 00 00 00
00 00 00 00 00 00 00 00
00 00 00 00 00 00 00 00
00 00 00 00 00 00 00 00
00 00 00 00 00 00 00 00
00 00 00 00 00 00 00 00
00 00 00 00 00 00 00 00
00 00 00 00 00 00 00 00
00 00 00 00 00 00 00 00
00 00 00 00 00 00 00 00
00 00 00 00 00 00 00 00
00 00 00 00 00 00 00 00
00 00 00 00 00 00 00 00
00 00 00 00 00 00 00 00
00 00 00 00 00 00 00 00
00 00 00 00 00 00 00 00
00 00 00 00 00 00 00 00
00 00 00 00 00 00 00 00
00 00 00 00 00 00 00 00
00 00 00 00 00 00 00 00
00 00 00 00 00 00 00 00
00 00 00 00 00 00 00 00
00 00 00 00 00 00 00 00
00 00 00 00 00 00 00 00
00 00 00 00 00 00 00 00
00 00 00 00 00 00 00 00
00 00 00 00 00 00 00 00
00 00 00 00 00 00 00 00
00 00 00 00 00 00 00 00
00 00 00 00 00 00 00 00
00 00 00 00 00 00 00 00
00 00 00 00 00 00 00 00
00 00 00 00 00 00 00 00
00 00 00 00 00 00 00 00
00 00 00 00 00 00 00 00
00 00 00 00 00 00 00 00
00 00 00 00 00 00 00 00
00 00 00 00 00 00 00 00
00 00 00 00 00 00 00 00
00 00 00 00 00 00 00 00
00 00 00 00 00 00 00 00
00 00 00 00 00 00 00 00
00 00 00 00 00 00 00 00
00 00 00 00 00 00 00 00
00 00 00 00 00 00 00 00
00 00 00 00 00 00 00 00
00 00 00 00 00 00 00 00
00 00 00 00 00 00 00 00
00 00 00 00 00 00 00 00
00 00 00 00 00 00 00 00
00 00 00 00 00 00 00 00
00 00 00 00 00 00 00 00
00 00 00 00 00 00 00 00
00 00 00 00 00 00 00 00
00 00 00 00 00 00 00 00
00 00 00 00 00 00 00 00
00 00 00 00 00 00 00 00
00 00 00 00 00 00 00 00
00 00 00 00 00 00 00 00
00 00 00 00 00 00 00 00
00 00 00 00 00 00 00 00
00 00 00 00 00 00 00 00
00 00 00 00 00 00 00 00
00 00 00 00 00 00 00 00
00 00 00 00 00 00 00 00
00 00 00 00 00 00 00 00
00 00 00 00 00 00 00 00
00 00 00 00 00 00 00 00
00 00 00 00 00 00 00 00
00 00 00 00 00 00 00 00
00 00 00 00 00 00 00 00
00 00 00 00 00 00 00 00
00 00 00 00 00 00 00 00
00 00 00 00 00 00 00 00
00 00 00 00 00 00 00 00
00 00 00 00 00 00 00 00
00 00 00 00 00 00 00 00
00 00 00 00 00 00 00 00
00 00 00 00 00 00 00 00
00 00 00 00 00 00 00 00
00 00 00 00 00 00 00 00
00 00 00 00 00 00 00 00
00 00 00 00 00 00 00 00
00 00 00 00 00 00 00 00
00 00 00 00 00 00 00 00
00 00 00 00 00 00 00 00
00 00 00 00 00 00 00 00
00 00 00 00 00 00 00 00
00 00 00 00 00 00 00 00
00 00 00 00 00 00 00 00
00 00 00 00 00 00 00 00
00 00 00 00 00 00 00 00
00 00 00 00 00 00 00 00
00 00 00 00 00 00 00 00
00 00 00 00 00 00 00 00
00 00 00 00 00 00 00 00
00 00 00 00 00 00 00 00
00 00 00 00 00 00 00 00
00 00 00 00 00 00 00 00
00 00 00 00 00 00 00 00
00 00 00 00 00 00 00 00
00 00 00 00 00 00 00 00
00 00 00 00 00 00 00 00
00 00 00 00 00 00 00 00
00 00 00 00 00 00 00 00
00 00 00 00 00 00 00 00
00 00 00 00 00 00 00 00
00 00 00 00 00 00 00 00
00 00 00 00 00 00 00 00
00 00 00 00 00 00 00 00
00 00 00 00 00 00 00 00
00 00 00 00 00 00 00 00
