42 4d 46 00 08 08 00 01
00 00 00 00 00 00 00 00
00 00 00 00 00 00 00 00
00 00 00 00 00 00 00 00
00 00 00 00 00 00 00 00
00 00 00 00 00 00 00 00
00 00 00 00 00 00 00 00
00 00 00 00 00 00 00 00
00 00 00 00 00 00 00 00
00 00 00 00 00 00 00 00
00 00 00 00 00 00 00 00
00 00 00 00 00 00 00 00
00 00 00 00 00 00 00 00
00 00 00 00 00 00 00 00
00 00 00 00 00 00 00 00
00 00 00 00 00 00 00 00
00 00 00 00 00 00 00 00
00 00 00 00 00 00 00 00
00 00 00 00 00 00 00 00
00 00 00 00 00 00 00 00
00 00 00 00 00 00 00 00
00 00 00 00 00 00 00 00
00 00 00 00 00 00 00 00
00 00 00 00 00 00 00 00
00 00 00 00 00 00 00 00
00 00 00 00 00 00 00 00
00 00 00 00 00 00 00 00
00 00 00 00 00 00 00 00
00 00 00 00 00 00 00 00
00 00 00 00 00 00 00 00
00 00 00 00 00 00 00 00
00 00 00 00 00 00 00 00
00 00 00 00 00 00 00 00
00 00 00 00 00 00 00 00 
08 18 38 18 18 00 18 18 
7e 24 48 00 00 00 00 00 
36 36 fe 6c 6c fe d8 d8 
18 3c 66 3a 5c 66 3c 18 
62 e6 4c 18 30 66 ce 84 
38 6c 60 3e 6c cc c6 7f 
38 10 20 00 00 00 00 00 
0c 18 30 30 30 30 18 0c 
30 18 0c 0c 0c 0c 18 30 
00 18 7e 3c 7e 18 00 00 
08 18 18 7e 18 18 10 00 
00 00 00 00 00 38 10 20 
00 00 00 7c 00 00 00 00 
00 00 00 00 00 30 30 00 
02 06 0c 18 30 60 c0 80 
38 44 ce d6 d6 e6 44 38 
08 18 38 18 18 18 18 3c 
7c 66 46 0c 30 62 c6 fe 
fe cc 98 38 0c 86 c6 fc 
24 6c ec 6c cc fe 0c 0c 
fe c6 c2 f8 0c 86 c6 fc 
3e 66 c2 f8 cc c6 66 3e 
fe c6 8c 0c 3e 18 30 78 
3c 66 c6 dc 76 c6 cc 78 
1e 33 63 37 1b 43 66 7c 
00 18 18 00 00 18 18 00 
00 18 18 00 00 38 10 20 
0c 18 30 60 60 30 18 0c 
00 00 7e 00 7e 00 00 00 
60 30 18 0c 0c 18 30 60 
7c 66 46 0c 18 00 18 18 
3c 66 de d6 dc c8 e2 7c 
0e 1e 36 36 fe 66 66 ee 
fc 66 66 6c f6 66 66 fc 
3a 6e c6 c0 c0 c2 e6 7c 
f8 6c 6c 66 66 66 66 fc 
fe 66 62 78 e0 62 66 fe 
fe 66 62 78 e0 60 60 f0 
3a 6e c6 c0 cf c6 ee 76 
e7 66 66 7e e6 66 66 e7 
7e 18 18 18 18 18 18 7e 
1f 06 06 06 46 c6 cc 78 
e6 66 6c 78 ec 6c 66 e6 
f0 60 60 60 60 62 66 fe 
c6 c6 ee ee d6 d6 c6 c6 
cf e6 f6 d6 ce ce c6 e7 
3c 6c c6 c6 c6 c6 6c 78 
fc 66 66 6c f0 60 60 f0 
3c 66 c6 c6 da cc 76 3b 
fc 66 66 6c f8 6c 66 e7 
3a 6e 62 38 8c c6 e6 bc 
ff db 99 18 18 18 18 3c 
ee c6 c6 c6 c6 6c 6c 38 
ef c6 cc cc d8 d8 f0 e0 
c6 c6 c6 d6 d6 ee ee c6 
ee 66 6c 38 38 6c c6 e7 
e7 66 66 3c 18 18 18 3c 
fe c6 8c 18 30 62 c6 fe 
7c 30 60 60 60 60 60 7c 
80 c0 60 30 18 0c 06 02 
7c 0c 0c 0c 0c 0c 18 7c 
10 38 7c fe 38 38 38 28 
00 00 00 00 00 00 00 ff 
1a 36 36 60 f8 62 66 fe 
00 00 1e 36 66 66 6e 77 
20 60 ec 76 66 66 66 fc 
00 00 3a 6e 60 62 66 7c 
0e 06 36 6e 66 66 66 3b 
00 00 1c 36 64 7a 66 7c 
0e 1b 30 30 fc 30 30 78 
00 00 1e 30 6f 66 66 7e 
20 60 ec 76 66 66 66 ee 
18 00 08 18 38 18 18 3c 
06 00 02 06 0e 06 66 3c 
20 60 e6 6c 78 78 6c ee 
08 18 38 18 18 18 18 3c 
00 00 d4 fe d6 d6 d6 c6 
00 00 2e 76 e6 66 66 66 
00 00 1e 36 66 66 6c 38 
00 00 3c 66 e6 76 6e 60 
00 00 3c 66 67 6e 76 06 
00 00 2e 76 30 30 30 78 
00 00 3a 66 38 4e 66 3c 
10 30 fe 30 30 32 36 1e 
00 00 22 66 e6 66 6e 3b 
00 00 22 66 e6 6c 78 70 
00 00 d6 d6 d6 fe ee c6 
00 00 ce 6c 38 38 6c e6 
00 00 e7 66 3c 18 18 3c 
00 00 7e 66 58 32 66 7e 
1e 18 18 70 18 18 18 1e 
18 18 18 18 18 18 18 18 
78 18 18 0e 18 18 18 78 
62 f6 de 8c 00 00 00 00 
3c 42 9d b5 b1 bd 42 3c 
00 00 00 00 00 00 00 00
00 00 00 00 00 00 00 00
00 00 00 00 00 00 00 00
00 00 00 00 00 00 00 00
00 00 00 00 00 00 00 00
00 00 00 00 00 00 00 00
00 00 00 00 00 00 00 00
00 00 00 00 00 00 00 00
00 00 00 00 00 00 00 00
00 00 00 00 00 00 00 00
00 00 00 00 00 00 00 00
00 00 00 00 00 00 00 00
00 00 00 00 00 00 00 00
00 00 00 00 00 00 00 00
00 00 00 00 00 00 00 00
00 00 00 00 00 00 00 00
00 00 00 00 00 00 00 00
00 00 00 00 00 00 00 00
00 00 00 00 00 00 00 00
00 00 00 00 00 00 00 00
00 00 00 00 00 00 00 00
00 00 00 00 00 00 00 00
00 00 00 00 00 00 00 00
00 00 00 00 00 00 00 00
00 00 00 00 00 00 00 00
00 00 00 00 00 00 00 00
00 00 00 00 00 00 00 00
00 00 00 00 00 00 00 00
00 00 00 00 00 00 00 00
00 00 00 00 00 00 00 00
00 00 00 00 00 00 00 00
00 00 00 00 00 00 00 00
00 00 00 00 00 00 00 00
00 00 00 00 00 00 00 00
00 00 00 00 00 00 00 00
00 00 00 00 00 00 00 00
00 00 00 00 00 00 00 00
00 00 00 00 00 00 00 00
00 00 00 00 00 00 00 00
00 00 00 00 00 00 00 00
00 00 00 00 00 00 00 00
00 00 00 00 00 00 00 00
00 00 00 00 00 00 00 00
00 00 00 00 00 00 00 00
00 00 00 00 00 00 00 00
00 00 00 00 00 00 00 00
00 00 00 00 00 00 00 00
00 00 00 00 00 00 00 00
00 00 00 00 00 00 00 00
00 00 00 00 00 00 00 00
00 00 00 00 00 00 00 00
00 00 00 00 00 00 00 00
00 00 00 00 00 00 00 00
00 00 00 00 00 00 00 00
00 00 00 00 00 00 00 00
00 00 00 00 00 00 00 00
00 00 00 00 00 00 00 00
00 00 00 00 00 00 00 00
00 00 00 00 00 00 00 00
00 00 00 00 00 00 00 00
00 00 00 00 00 00 00 00
00 00 00 00 00 00 00 00
00 00 00 00 00 00 00 00
00 00 00 00 00 00 00 00
00 00 00 00 00 00 00 00
00 00 00 00 00 00 00 00
00 00 00 00 00 00 00 00
00 00 00 00 00 00 00 00
00 00 00 00 00 00 00 00
00 00 00 00 00 00 00 00
00 00 00 00 00 00 00 00
00 00 00 00 00 00 00 00
00 00 00 00 00 00 00 00
00 00 00 00 00 00 00 00
00 00 00 00 00 00 00 00
00 00 00 00 00 00 00 00
00 00 00 00 00 00 00 00
00 00 00 00 00 00 00 00
00 00 00 00 00 00 00 00
00 00 00 00 00 00 00 00
00 00 00 00 00 00 00 00
00 00 00 00 00 00 00 00
00 00 00 00 00 00 00 00
00 00 00 00 00 00 00 00
00 00 00 00 00 00 00 00
00 00 00 00 00 00 00 00
00 00 00 00 00 00 00 00
00 00 00 00 00 00 00 00
00 00 00 00 00 00 00 00
00 00 00 00 00 00 00 00
00 00 00 00 00 00 00 00
00 00 00 00 00 00 00 00
00 00 00 00 00 00 00 00
00 00 00 00 00 00 00 00
00 00 00 00 00 00 00 00
00 00 00 00 00 00 00 00
00 00 00 00 00 00 00 00
00 00 00 00 00 00 00 00
00 00 00 00 00 00 00 00
00 00 00 00 00 00 00 00
00 00 00 00 00 00 00 00
00 00 00 00 00 00 00 00
00 00 00 00 00 00 00 00
00 00 00 00 00 00 00 00
00 00 00 00 00 00 00 00
00 00 00 00 00 00 00 00
00 00 00 00 00 00 00 00
00 00 00 00 00 00 00 00
00 00 00 00 00 00 00 00
00 00 00 00 00 00 00 00
00 00 00 00 00 00 00 00
00 00 00 00 00 00 00 00
00 00 00 00 00 00 00 00
00 00 00 00 00 00 00 00
00 00 00 00 00 00 00 00
00 00 00 00 00 00 00 00
00 00 00 00 00 00 00 00
00 00 00 00 00 00 00 00
00 00 00 00 00 00 00 00
00 00 00 00 00 00 00 00
00 00 00 00 00 00 00 00
00 00 00 00 00 00 00 00
00 00 00 00 00 00 00 00
00 00 00 00 00 00 00 00
00 00 00 00 00 00 00 00
00 00 00 00 00 00 00 00
00 00 00 00 00 00 00 00
00 00 00 00 00 00 00 00
