42 4d 46 00 08 08 00 01
00 00 00 00 00 00 00 00
00 00 00 00 00 00 00 00
00 00 00 00 00 00 00 00
00 00 00 00 00 00 00 00
00 00 00 00 00 00 00 00
00 00 00 00 00 00 00 00
00 00 00 00 00 00 00 00
00 00 00 00 00 00 00 00
00 00 00 00 00 00 00 00
00 00 00 00 00 00 00 00
00 00 00 00 00 00 00 00
00 00 00 00 00 00 00 00
00 00 00 00 00 00 00 00
00 00 00 00 00 00 00 00
00 00 00 00 00 00 00 00
00 00 00 00 00 00 00 00
00 00 00 00 00 00 00 00
00 00 00 00 00 00 00 00
00 00 00 00 00 00 00 00
00 00 00 00 00 00 00 00
00 00 00 00 00 00 00 00
00 00 00 00 00 00 00 00
00 00 00 00 00 00 00 00
00 00 00 00 00 00 00 00
00 00 00 00 00 00 00 00
00 00 00 00 00 00 00 00
00 00 00 00 00 00 00 00
00 00 00 00 00 00 00 00
00 00 00 00 00 00 00 00
00 00 00 00 00 00 00 00
00 00 00 00 00 00 00 00
00 00 00 00 00 00 00 00
00 00 00 00 00 00 00 00 
38 28 38 28 38 00 38 00 
77 55 ee 00 00 00 00 00 
74 54 fe 54 fe 54 74 00 
14 3e 50 3c 0a 7c 28 00 
cc d4 1c 28 38 56 76 00 
38 50 74 5e 74 54 3c 00 
38 28 70 00 00 00 00 00 
1c 38 28 38 28 38 1c 00 
38 1c 14 1c 14 1c 38 00 
00 54 38 6c 38 54 00 00 
38 28 38 ee 38 28 38 00 
00 00 00 00 1c 14 38 00 
00 00 fe aa fe 00 00 00 
00 00 00 00 1c 14 1c 00 
0e 14 1c 28 38 50 70 00 
3c 52 76 5a 72 52 3c 00 
38 68 38 28 38 28 7c 00 
3c 4a 4e 14 38 50 7e 00 
7e 0a 3e 0a 4e 4a 3c 00 
1c 34 5c 54 7e 14 1c 00 
7e 50 7c 0a 4e 4a 3c 00 
3c 50 7c 52 72 52 3c 00 
7e 0a 1e 14 3c 28 38 00 
3c 52 72 2c 72 52 3c 00 
3c 4a 4e 4a 3e 0a 3c 00 
38 28 38 00 38 28 38 00 
38 28 38 00 38 28 70 00 
06 0a 1c 28 1c 0a 06 00 
00 00 3c 00 3c 00 00 00 
60 50 38 14 38 50 60 00 
3c 4a 4e 14 1c 00 1c 00 
3c 52 76 5a 7e 50 3e 00 
38 28 74 54 fe a2 e2 00 
7c 52 72 5c 72 52 7c 00 
3c 52 72 50 72 52 3c 00 
78 54 72 52 72 54 78 00 
7e 50 70 5e 70 50 7e 00 
7e 50 70 5e 70 50 70 00 
3c 52 70 56 72 52 3c 00 
72 52 72 5e 72 52 72 00 
38 28 38 28 38 28 38 00 
0e 0a 0e 0a 4e 4a 3c 00 
72 52 74 58 74 52 72 00 
70 50 70 50 70 50 7e 00 
e2 a2 f6 b6 ea aa e2 00 
62 52 7a 5a 76 56 72 00 
3c 52 72 52 72 52 3c 00 
7c 52 72 52 7c 50 70 00 
3c 52 72 52 72 54 3a 06 
7c 52 72 52 7c 52 72 00 
3c 72 58 34 1e 4a 3c 00 
7c 28 38 28 38 28 38 00 
72 52 72 52 72 52 3c 00 
e2 a2 e2 54 74 28 38 00 
e2 aa ea b6 f6 a2 e2 00 
ee aa 6c 38 6c aa ee 00 
8e 8a 54 5c 28 38 38 00 
7e 0a 1c 28 70 50 7e 00 
3c 28 38 28 38 28 3c 00 
70 28 38 14 1c 0a 0e 00 
3c 14 1c 14 1c 14 3c 00 
08 14 3e 14 1c 14 1c 00 
00 00 00 00 00 fe aa fe 
1c 2a 3a 28 7c 50 7e 00 
00 00 3e 4a 4e 4a 3e 00 
70 50 7c 52 72 52 7c 00 
00 00 3c 52 70 52 3c 00 
0e 0a 3e 4a 4e 4a 3e 00 
00 00 3c 52 7e 50 3e 00 
3c 52 72 50 78 50 70 00 
00 00 3e 4a 4e 3a 0e 3c 
70 50 7c 52 72 52 72 00 
38 00 38 28 38 28 38 00 
0e 00 0e 0a 0e 4a 4e 3c 
70 50 72 54 78 54 72 00 
3c 14 1c 14 1c 14 1c 00 
00 00 74 aa ea aa ea 00 
00 00 3c 52 72 52 72 00 
00 00 3c 52 72 52 3c 00 
00 00 7c 52 72 5c 70 70 
00 00 3e 4a 4e 3a 0e 0e 
00 00 7c 52 72 50 70 00 
00 00 3e 50 3c 0a 7c 00 
70 50 78 50 72 52 3c 00 
00 00 72 52 72 52 3c 00 
00 00 e2 54 74 28 38 00 
00 00 e2 aa ea aa 7c 00 
00 00 ee aa 7c aa ee 00 
00 00 e2 54 74 28 18 f0 
00 00 7e 0a 3c 50 7e 00 
1c 28 38 50 38 28 1c 00 
38 28 38 28 38 28 38 00 
38 14 1c 0a 1c 14 38 00 
00 0e d5 ab 70 00 00 00 
7e 81 bd b1 a9 bd 81 7e 
00 00 00 00 00 00 00 00
00 00 00 00 00 00 00 00
00 00 00 00 00 00 00 00
00 00 00 00 00 00 00 00
00 00 00 00 00 00 00 00
00 00 00 00 00 00 00 00
00 00 00 00 00 00 00 00
00 00 00 00 00 00 00 00
00 00 00 00 00 00 00 00
00 00 00 00 00 00 00 00
00 00 00 00 00 00 00 00
00 00 00 00 00 00 00 00
00 00 00 00 00 00 00 00
00 00 00 00 00 00 00 00
00 00 00 00 00 00 00 00
00 00 00 00 00 00 00 00
00 00 00 00 00 00 00 00
00 00 00 00 00 00 00 00
00 00 00 00 00 00 00 00
00 00 00 00 00 00 00 00
00 00 00 00 00 00 00 00
00 00 00 00 00 00 00 00
00 00 00 00 00 00 00 00
00 00 00 00 00 00 00 00
00 00 00 00 00 00 00 00
00 00 00 00 00 00 00 00
00 00 00 00 00 00 00 00
00 00 00 00 00 00 00 00
00 00 00 00 00 00 00 00
00 00 00 00 00 00 00 00
00 00 00 00 00 00 00 00
00 00 00 00 00 00 00 00
00 00 00 00 00 00 00 00
00 00 00 00 00 00 00 00
00 00 00 00 00 00 00 00
00 00 00 00 00 00 00 00
00 00 00 00 00 00 00 00
00 00 00 00 00 00 00 00
00 00 00 00 00 00 00 00
00 00 00 00 00 00 00 00
00 00 00 00 00 00 00 00
00 00 00 00 00 00 00 00
00 00 00 00 00 00 00 00
00 00 00 00 00 00 00 00
00 00 00 00 00 00 00 00
00 00 00 00 00 00 00 00
00 00 00 00 00 00 00 00
00 00 00 00 00 00 00 00
00 00 00 00 00 00 00 00
00 00 00 00 00 00 00 00
00 00 00 00 00 00 00 00
00 00 00 00 00 00 00 00
00 00 00 00 00 00 00 00
00 00 00 00 00 00 00 00
00 00 00 00 00 00 00 00
00 00 00 00 00 00 00 00
00 00 00 00 00 00 00 00
00 00 00 00 00 00 00 00
00 00 00 00 00 00 00 00
00 00 00 00 00 00 00 00
00 00 00 00 00 00 00 00
00 00 00 00 00 00 00 00
00 00 00 00 00 00 00 00
00 00 00 00 00 00 00 00
00 00 00 00 00 00 00 00
00 00 00 00 00 00 00 00
00 00 00 00 00 00 00 00
00 00 00 00 00 00 00 00
00 00 00 00 00 00 00 00
00 00 00 00 00 00 00 00
00 00 00 00 00 00 00 00
00 00 00 00 00 00 00 00
00 00 00 00 00 00 00 00
00 00 00 00 00 00 00 00
00 00 00 00 00 00 00 00
00 00 00 00 00 00 00 00
00 00 00 00 00 00 00 00
00 00 00 00 00 00 00 00
00 00 00 00 00 00 00 00
00 00 00 00 00 00 00 00
00 00 00 00 00 00 00 00
00 00 00 00 00 00 00 00
00 00 00 00 00 00 00 00
00 00 00 00 00 00 00 00
00 00 00 00 00 00 00 00
00 00 00 00 00 00 00 00
00 00 00 00 00 00 00 00
00 00 00 00 00 00 00 00
00 00 00 00 00 00 00 00
00 00 00 00 00 00 00 00
00 00 00 00 00 00 00 00
00 00 00 00 00 00 00 00
00 00 00 00 00 00 00 00
00 00 00 00 00 00 00 00
00 00 00 00 00 00 00 00
00 00 00 00 00 00 00 00
00 00 00 00 00 00 00 00
00 00 00 00 00 00 00 00
00 00 00 00 00 00 00 00
00 00 00 00 00 00 00 00
00 00 00 00 00 00 00 00
00 00 00 00 00 00 00 00
00 00 00 00 00 00 00 00
00 00 00 00 00 00 00 00
00 00 00 00 00 00 00 00
00 00 00 00 00 00 00 00
00 00 00 00 00 00 00 00
00 00 00 00 00 00 00 00
00 00 00 00 00 00 00 00
00 00 00 00 00 00 00 00
00 00 00 00 00 00 00 00
00 00 00 00 00 00 00 00
00 00 00 00 00 00 00 00
00 00 00 00 00 00 00 00
00 00 00 00 00 00 00 00
00 00 00 00 00 00 00 00
00 00 00 00 00 00 00 00
00 00 00 00 00 00 00 00
00 00 00 00 00 00 00 00
00 00 00 00 00 00 00 00
00 00 00 00 00 00 00 00
00 00 00 00 00 00 00 00
00 00 00 00 00 00 00 00
00 00 00 00 00 00 00 00
00 00 00 00 00 00 00 00
00 00 00 00 00 00 00 00
00 00 00 00 00 00 00 00
00 00 00 00 00 00 00 00
