42 4d 46 00 08 08 00 01
00 00 00 00 00 00 00 00
00 00 00 00 00 00 00 00
00 00 00 00 00 00 00 00
00 00 00 00 00 00 00 00
00 00 00 00 00 00 00 00
00 00 00 00 00 00 00 00
00 00 00 00 00 00 00 00
00 00 00 00 00 00 00 00
00 00 00 00 00 00 00 00
00 00 00 00 00 00 00 00
00 00 00 00 00 00 00 00
00 00 00 00 00 00 00 00
00 00 00 00 00 00 00 00
00 00 00 00 00 00 00 00
00 00 00 00 00 00 00 00
00 00 00 00 00 00 00 00
00 00 00 00 00 00 00 00
00 00 00 00 00 00 00 00
00 00 00 00 00 00 00 00
00 00 00 00 00 00 00 00
00 00 00 00 00 00 00 00
00 00 00 00 00 00 00 00
00 00 00 00 00 00 00 00
00 00 00 00 00 00 00 00
00 00 00 00 00 00 00 00
00 00 00 00 00 00 00 00
00 00 00 00 00 00 00 00
00 00 00 00 00 00 00 00
00 00 00 00 00 00 00 00
00 00 00 00 00 00 00 00
00 00 00 00 00 00 00 00
00 00 00 00 00 00 00 00
00 00 00 00 00 00 00 00 
38 28 38 28 38 00 38 00 
77 55 66 00 00 00 00 00 
74 54 fe 54 fe 54 74 00 
14 7e 50 7e 0a 7e 28 00 
cc d4 1c 28 38 56 76 00 
78 50 32 5e 72 52 7e 00 
38 28 30 00 00 00 00 00 
7c 50 70 50 70 50 7c 00 
7c 14 1c 14 1c 14 7c 00 
10 6c 38 ee 38 6c 10 00 
38 28 38 ee 38 28 38 00 
00 00 00 00 1c 14 38 00 
00 00 fe aa fe 00 00 00 
00 00 00 00 1c 14 1c 00 
0e 14 1c 28 38 50 70 00 
7e 52 76 5a 72 52 7e 00 
38 68 38 28 38 28 7c 00 
7e 4a 4e 0a 7e 50 7e 00 
7e 0a 3e 0a 4e 4a 7e 00 
1e 2a 4e 4a 7e 0a 0e 00 
7e 50 7e 0a 4e 4a 7e 00 
7e 50 7e 52 72 52 7e 00 
7e 0a 1e 14 3c 28 38 00 
7e 52 72 2c 72 52 7e 00 
7e 4a 4e 4a 7e 0a 3e 00 
38 28 38 00 38 28 38 00 
38 28 38 00 38 28 30 00 
06 0a 1c 28 1c 0a 06 00 
00 00 3c 00 3c 00 00 00 
60 50 38 14 38 50 60 00 
7e 4a 4e 14 1c 00 1c 00 
7e 52 76 5a 76 50 7e 00 
38 28 74 54 fe a2 e2 00 
7e 52 72 5c 72 52 7e 00 
7e 52 72 50 72 52 7e 00 
7e 52 72 52 72 54 78 00 
7e 50 70 5e 70 50 7e 00 
7e 50 70 5e 70 50 70 00 
7e 52 70 56 72 52 7e 00 
72 52 72 5e 72 52 72 00 
38 28 38 28 38 28 38 00 
0e 0a 0e 0a 4e 4a 7e 00 
72 52 74 58 74 52 72 00 
70 50 70 50 70 50 7e 00 
fe aa ea aa ea aa ea 00 
7e 52 72 52 72 52 72 00 
7e 52 72 52 72 52 7e 00 
7e 52 72 52 7e 50 70 00 
7e 52 72 52 72 54 7a 06 
7e 52 72 52 7c 54 72 00 
7e 72 58 2c 16 4a 7e 00 
7c 28 38 28 38 28 38 00 
72 52 72 52 72 52 3c 00 
e2 a2 e2 54 74 28 38 00 
e2 aa ea b6 f6 a2 e2 00 
ee aa 6c 38 6c aa ee 00 
8e 8a 54 5c 28 38 38 00 
7e 0a 1c 28 70 50 7e 00 
3c 28 38 28 38 28 3c 00 
70 28 38 14 1c 0a 0e 00 
3c 14 1c 14 1c 14 3c 00 
08 14 3e 14 1c 14 1c 00 
00 00 00 00 00 fe aa fe 
3e 2a 3a 28 7c 28 7e 00 
00 00 7e 4a 4e 4a 7e 00 
70 50 7e 52 72 52 7e 00 
00 00 7e 52 70 52 7e 00 
0e 0a 7e 4a 4e 4a 7e 00 
00 00 7e 52 7e 50 7e 00 
7e 52 72 50 78 50 70 00 
00 00 7e 4a 4e 7a 0e 7e 
70 50 7e 52 72 52 72 00 
38 00 38 28 38 28 38 00 
0e 00 0e 0a 0e 4a 4e 7e 
70 50 72 54 78 54 72 00 
3c 14 1c 14 1c 14 1c 00 
00 00 fe aa ea aa ea 00 
00 00 7e 52 72 52 72 00 
00 00 7e 52 72 52 7e 00 
00 00 7e 52 72 5e 70 70 
00 00 7e 4a 4e 7a 0e 0e 
00 00 7e 52 72 50 70 00 
00 00 7e 50 7e 0a 7e 00 
70 50 78 50 72 52 7e 00 
00 00 72 52 72 52 7e 00 
00 00 e2 54 74 28 38 00 
00 00 e2 aa ea aa fe 00 
00 00 ee aa 7c aa ee 00 
00 00 4e 4a 4e 7a 0e 7e 
00 00 7e 0a 7e 50 7e 00 
1c 28 38 50 38 28 1c 00 
38 28 38 28 38 28 38 00 
38 14 1c 0a 1c 14 38 00 
00 0e d5 ab 70 00 00 00 
7e 81 bd b1 a9 bd 81 7e 
00 00 00 00 00 00 00 00
00 00 00 00 00 00 00 00
00 00 00 00 00 00 00 00
00 00 00 00 00 00 00 00
00 00 00 00 00 00 00 00
00 00 00 00 00 00 00 00
00 00 00 00 00 00 00 00
00 00 00 00 00 00 00 00
00 00 00 00 00 00 00 00
00 00 00 00 00 00 00 00
00 00 00 00 00 00 00 00
00 00 00 00 00 00 00 00
00 00 00 00 00 00 00 00
00 00 00 00 00 00 00 00
00 00 00 00 00 00 00 00
00 00 00 00 00 00 00 00
00 00 00 00 00 00 00 00
00 00 00 00 00 00 00 00
00 00 00 00 00 00 00 00
00 00 00 00 00 00 00 00
00 00 00 00 00 00 00 00
00 00 00 00 00 00 00 00
00 00 00 00 00 00 00 00
00 00 00 00 00 00 00 00
00 00 00 00 00 00 00 00
00 00 00 00 00 00 00 00
00 00 00 00 00 00 00 00
00 00 00 00 00 00 00 00
00 00 00 00 00 00 00 00
00 00 00 00 00 00 00 00
00 00 00 00 00 00 00 00
00 00 00 00 00 00 00 00
00 00 00 00 00 00 00 00
00 00 00 00 00 00 00 00
00 00 00 00 00 00 00 00
00 00 00 00 00 00 00 00
00 00 00 00 00 00 00 00
00 00 00 00 00 00 00 00
00 00 00 00 00 00 00 00
00 00 00 00 00 00 00 00
00 00 00 00 00 00 00 00
00 00 00 00 00 00 00 00
00 00 00 00 00 00 00 00
00 00 00 00 00 00 00 00
00 00 00 00 00 00 00 00
00 00 00 00 00 00 00 00
00 00 00 00 00 00 00 00
00 00 00 00 00 00 00 00
00 00 00 00 00 00 00 00
00 00 00 00 00 00 00 00
00 00 00 00 00 00 00 00
00 00 00 00 00 00 00 00
00 00 00 00 00 00 00 00
00 00 00 00 00 00 00 00
00 00 00 00 00 00 00 00
00 00 00 00 00 00 00 00
00 00 00 00 00 00 00 00
00 00 00 00 00 00 00 00
00 00 00 00 00 00 00 00
00 00 00 00 00 00 00 00
00 00 00 00 00 00 00 00
00 00 00 00 00 00 00 00
00 00 00 00 00 00 00 00
00 00 00 00 00 00 00 00
00 00 00 00 00 00 00 00
00 00 00 00 00 00 00 00
00 00 00 00 00 00 00 00
00 00 00 00 00 00 00 00
00 00 00 00 00 00 00 00
00 00 00 00 00 00 00 00
00 00 00 00 00 00 00 00
00 00 00 00 00 00 00 00
00 00 00 00 00 00 00 00
00 00 00 00 00 00 00 00
00 00 00 00 00 00 00 00
00 00 00 00 00 00 00 00
00 00 00 00 00 00 00 00
00 00 00 00 00 00 00 00
00 00 00 00 00 00 00 00
00 00 00 00 00 00 00 00
00 00 00 00 00 00 00 00
00 00 00 00 00 00 00 00
00 00 00 00 00 00 00 00
00 00 00 00 00 00 00 00
00 00 00 00 00 00 00 00
00 00 00 00 00 00 00 00
00 00 00 00 00 00 00 00
00 00 00 00 00 00 00 00
00 00 00 00 00 00 00 00
00 00 00 00 00 00 00 00
00 00 00 00 00 00 00 00
00 00 00 00 00 00 00 00
00 00 00 00 00 00 00 00
00 00 00 00 00 00 00 00
00 00 00 00 00 00 00 00
00 00 00 00 00 00 00 00
00 00 00 00 00 00 00 00
00 00 00 00 00 00 00 00
00 00 00 00 00 00 00 00
00 00 00 00 00 00 00 00
00 00 00 00 00 00 00 00
00 00 00 00 00 00 00 00
00 00 00 00 00 00 00 00
00 00 00 00 00 00 00 00
00 00 00 00 00 00 00 00
00 00 00 00 00 00 00 00
00 00 00 00 00 00 00 00
00 00 00 00 00 00 00 00
00 00 00 00 00 00 00 00
00 00 00 00 00 00 00 00
00 00 00 00 00 00 00 00
00 00 00 00 00 00 00 00
00 00 00 00 00 00 00 00
00 00 00 00 00 00 00 00
00 00 00 00 00 00 00 00
00 00 00 00 00 00 00 00
00 00 00 00 00 00 00 00
00 00 00 00 00 00 00 00
00 00 00 00 00 00 00 00
00 00 00 00 00 00 00 00
00 00 00 00 00 00 00 00
00 00 00 00 00 00 00 00
00 00 00 00 00 00 00 00
00 00 00 00 00 00 00 00
00 00 00 00 00 00 00 00
00 00 00 00 00 00 00 00
00 00 00 00 00 00 00 00
00 00 00 00 00 00 00 00
