42 4d 46 00 08 08 00 01
00 00 00 00 00 00 00 00
00 00 00 00 00 00 00 00
00 00 00 00 00 00 00 00
00 00 00 00 00 00 00 00
00 00 00 00 00 00 00 00
00 00 00 00 00 00 00 00
00 00 00 00 00 00 00 00
00 00 00 00 00 00 00 00
00 00 00 00 00 00 00 00
00 00 00 00 00 00 00 00
00 00 00 00 00 00 00 00
00 00 00 00 00 00 00 00
00 00 00 00 00 00 00 00
00 00 00 00 00 00 00 00
00 00 00 00 00 00 00 00
00 00 00 00 00 00 00 00
00 00 00 00 00 00 00 00
00 00 00 00 00 00 00 00
00 00 00 00 00 00 00 00
00 00 00 00 00 00 00 00
00 00 00 00 00 00 00 00
00 00 00 00 00 00 00 00
00 00 00 00 00 00 00 00
00 00 00 00 00 00 00 00
00 00 00 00 00 00 00 00
00 00 00 00 00 00 00 00
00 00 00 00 00 00 00 00
00 00 00 00 00 00 00 00
00 00 00 00 00 00 00 00
00 00 00 00 00 00 00 00
00 00 00 00 00 00 00 00
00 00 00 00 00 00 00 00
00 00 00 00 00 00 00 00 
18 3c 3c 3c 18 00 18 18 
6c 6c 6c 00 00 00 00 00 
6c 6c fe 6c fe fe 6c 6c 
10 7e d0 7c 16 fe fc 10 
e2 e6 0c 18 30 6e ce ce 
70 d8 c0 78 ce cc fc 7e 
18 18 18 00 00 00 00 00 
1c 30 60 60 60 70 3c 1c 
70 18 0c 0c 0c 1c 78 70 
00 18 7e 3c 7e 18 00 00 
00 18 18 7e 7e 18 18 00 
00 00 00 00 00 18 38 30 
00 00 00 7e 7e 00 00 00 
00 00 00 00 00 00 18 18 
03 06 0c 18 30 60 c0 80 
38 6c c6 c6 c6 ee 7c 38 
18 38 18 18 18 18 3c 3c 
7c c6 06 1c 70 c0 fe fe 
7c c6 06 3c 06 c6 fe 7c 
0c 1c 3c 6c cc fe fe 0c 
fe c0 c0 fc 06 c6 fe 7c 
3c 60 c0 fc c6 c6 fe 7c 
fe 06 0c 0c 1c 18 38 38 
7c c6 c6 7c c6 c6 fe 7c 
7c c6 c6 c6 7e 0e 7c 78 
00 00 18 18 00 00 18 18 
00 00 18 18 00 18 38 30 
0e 1c 38 70 38 1c 0e 00 
00 00 7c 00 7c 00 00 00 
70 38 1c 0e 1c 38 70 00 
7c c6 c6 0c 18 00 18 18 
38 7c ee de d6 de 60 38 
38 38 38 6c 6c fe c6 c6 
fc c6 c6 fc c6 c6 fe fc 
3c 66 c2 c0 c0 e6 7e 3c 
f8 cc c6 c6 c6 ce fc f8 
7e 60 60 7c 60 60 7e 7e 
7e 60 60 7c 7c 60 60 60 
3c 66 c0 ce c6 e6 7e 3c 
c6 c6 c6 fe fe c6 c6 c6 
3c 18 18 18 18 18 3c 3c 
06 06 06 06 c6 c6 fe 7c 
c6 cc d8 f0 f8 dc ce c6 
60 60 60 60 60 60 7e 7e 
c6 ee fe d6 d6 c6 c6 c6 
c6 e6 f6 fe de ce c6 c6 
38 6c c6 c6 c6 ee 7c 38 
7c 66 66 7e 7c 60 60 60 
38 6c c6 c6 c6 ec 7e 37 
7c 66 66 7e 7c 6c 66 66 
78 cc c0 7c 06 c6 fe 7c 
7e 7e 18 18 18 18 18 18 
c6 c6 c6 c6 c6 ee 7c 38 
c6 c6 c6 c6 ee 6c 7c 38 
c6 c6 c6 d6 d6 fe ee c6 
c6 c6 6c 38 38 6c c6 c6 
c3 c3 66 3c 18 18 3c 3c 
fe 0c 18 30 60 e0 fe fe 
3c 30 30 30 30 30 3c 3c 
80 c0 60 30 18 0c 06 03 
3c 0c 0c 0c 0c 0c 3c 3c 
10 38 7c ee c6 00 00 00 
00 00 00 00 00 00 ff ff 
3c 66 60 f8 60 60 fe fe 
00 00 3c 06 3e 66 7e 3a 
60 60 7c 66 66 66 7e 7c 
00 00 3c 66 60 66 7e 3c 
06 06 3e 66 66 66 7e 3e 
00 00 3c 66 7e 60 7e 3e 
1c 36 30 78 30 30 78 78 
00 00 7e c6 7e 06 7e 7c 
c0 c0 dc fe e6 c6 c6 c6 
18 00 38 18 18 18 3c 3c 
0c 00 1c 0c 0c 0c 7c 78 
c0 c0 cc d8 f8 dc ce c6 
38 18 18 18 18 18 3c 3c 
00 00 6e ff db db db db 
00 00 6c 7e 66 66 66 66 
00 00 3c 66 66 66 7e 3c 
00 00 7c 66 66 7e 7c 60 
00 00 3e 66 66 7e 3e 06 
00 00 7c 76 66 60 60 60 
00 00 3e 70 3c 0e 7e 7c 
30 30 78 30 30 30 3e 1e 
00 00 66 66 66 66 7e 36 
00 00 66 66 66 3c 3c 18 
00 00 c3 c3 db db ff 66 
00 00 66 66 3c 3c 66 66 
00 00 66 66 3e 06 3e 3c 
00 00 7e 0c 18 30 7e 7e 
0e 18 18 70 18 18 1e 0e 
18 18 18 18 18 18 18 18 
70 18 18 0e 18 18 78 70 
00 76 6e 00 00 00 00 00 
3c 66 db f3 db e7 7e 3c 
00 00 00 00 00 00 00 00
00 00 00 00 00 00 00 00
00 00 00 00 00 00 00 00
00 00 00 00 00 00 00 00
00 00 00 00 00 00 00 00
00 00 00 00 00 00 00 00
00 00 00 00 00 00 00 00
00 00 00 00 00 00 00 00
00 00 00 00 00 00 00 00
00 00 00 00 00 00 00 00
00 00 00 00 00 00 00 00
00 00 00 00 00 00 00 00
00 00 00 00 00 00 00 00
00 00 00 00 00 00 00 00
00 00 00 00 00 00 00 00
00 00 00 00 00 00 00 00
00 00 00 00 00 00 00 00
00 00 00 00 00 00 00 00
00 00 00 00 00 00 00 00
00 00 00 00 00 00 00 00
00 00 00 00 00 00 00 00
00 00 00 00 00 00 00 00
00 00 00 00 00 00 00 00
00 00 00 00 00 00 00 00
00 00 00 00 00 00 00 00
00 00 00 00 00 00 00 00
00 00 00 00 00 00 00 00
00 00 00 00 00 00 00 00
00 00 00 00 00 00 00 00
00 00 00 00 00 00 00 00
00 00 00 00 00 00 00 00
00 00 00 00 00 00 00 00
00 00 00 00 00 00 00 00
00 00 00 00 00 00 00 00
00 00 00 00 00 00 00 00
00 00 00 00 00 00 00 00
00 00 00 00 00 00 00 00
00 00 00 00 00 00 00 00
00 00 00 00 00 00 00 00
00 00 00 00 00 00 00 00
00 00 00 00 00 00 00 00
00 00 00 00 00 00 00 00
00 00 00 00 00 00 00 00
00 00 00 00 00 00 00 00
00 00 00 00 00 00 00 00
00 00 00 00 00 00 00 00
00 00 00 00 00 00 00 00
00 00 00 00 00 00 00 00
00 00 00 00 00 00 00 00
00 00 00 00 00 00 00 00
00 00 00 00 00 00 00 00
00 00 00 00 00 00 00 00
00 00 00 00 00 00 00 00
00 00 00 00 00 00 00 00
00 00 00 00 00 00 00 00
00 00 00 00 00 00 00 00
00 00 00 00 00 00 00 00
00 00 00 00 00 00 00 00
00 00 00 00 00 00 00 00
00 00 00 00 00 00 00 00
00 00 00 00 00 00 00 00
00 00 00 00 00 00 00 00
00 00 00 00 00 00 00 00
00 00 00 00 00 00 00 00
00 00 00 00 00 00 00 00
00 00 00 00 00 00 00 00
00 00 00 00 00 00 00 00
00 00 00 00 00 00 00 00
00 00 00 00 00 00 00 00
00 00 00 00 00 00 00 00
00 00 00 00 00 00 00 00
00 00 00 00 00 00 00 00
00 00 00 00 00 00 00 00
00 00 00 00 00 00 00 00
00 00 00 00 00 00 00 00
00 00 00 00 00 00 00 00
00 00 00 00 00 00 00 00
00 00 00 00 00 00 00 00
00 00 00 00 00 00 00 00
00 00 00 00 00 00 00 00
00 00 00 00 00 00 00 00
00 00 00 00 00 00 00 00
00 00 00 00 00 00 00 00
00 00 00 00 00 00 00 00
00 00 00 00 00 00 00 00
00 00 00 00 00 00 00 00
00 00 00 00 00 00 00 00
00 00 00 00 00 00 00 00
00 00 00 00 00 00 00 00
00 00 00 00 00 00 00 00
00 00 00 00 00 00 00 00
00 00 00 00 00 00 00 00
00 00 00 00 00 00 00 00
00 00 00 00 00 00 00 00
00 00 00 00 00 00 00 00
00 00 00 00 00 00 00 00
00 00 00 00 00 00 00 00
00 00 00 00 00 00 00 00
00 00 00 00 00 00 00 00
00 00 00 00 00 00 00 00
00 00 00 00 00 00 00 00
00 00 00 00 00 00 00 00
00 00 00 00 00 00 00 00
00 00 00 00 00 00 00 00
00 00 00 00 00 00 00 00
00 00 00 00 00 00 00 00
00 00 00 00 00 00 00 00
00 00 00 00 00 00 00 00
00 00 00 00 00 00 00 00
00 00 00 00 00 00 00 00
00 00 00 00 00 00 00 00
00 00 00 00 00 00 00 00
00 00 00 00 00 00 00 00
00 00 00 00 00 00 00 00
00 00 00 00 00 00 00 00
00 00 00 00 00 00 00 00
00 00 00 00 00 00 00 00
00 00 00 00 00 00 00 00
00 00 00 00 00 00 00 00
00 00 00 00 00 00 00 00
00 00 00 00 00 00 00 00
00 00 00 00 00 00 00 00
00 00 00 00 00 00 00 00
00 00 00 00 00 00 00 00
00 00 00 00 00 00 00 00
00 00 00 00 00 00 00 00
00 00 00 00 00 00 00 00
00 00 00 00 00 00 00 00
