42 4d 46 00 08 08 00 01
00 00 00 00 00 00 00 00
00 00 00 00 00 00 00 00
00 00 00 00 00 00 00 00
00 00 00 00 00 00 00 00
00 00 00 00 00 00 00 00
00 00 00 00 00 00 00 00
00 00 00 00 00 00 00 00
00 00 00 00 00 00 00 00
00 00 00 00 00 00 00 00
00 00 00 00 00 00 00 00
00 00 00 00 00 00 00 00
00 00 00 00 00 00 00 00
00 00 00 00 00 00 00 00
00 00 00 00 00 00 00 00
00 00 00 00 00 00 00 00
00 00 00 00 00 00 00 00
00 00 00 00 00 00 00 00
00 00 00 00 00 00 00 00
00 00 00 00 00 00 00 00
00 00 00 00 00 00 00 00
00 00 00 00 00 00 00 00
00 00 00 00 00 00 00 00
00 00 00 00 00 00 00 00
00 00 00 00 00 00 00 00
00 00 00 00 00 00 00 00
00 00 00 00 00 00 00 00
00 00 00 00 00 00 00 00
00 00 00 00 00 00 00 00
00 00 00 00 00 00 00 00
00 00 00 00 00 00 00 00
00 00 00 00 00 00 00 00
00 00 00 00 00 00 00 00
00 00 00 00 00 00 00 00 
28 20 38 38 00 38 38 00 
22 77 ee 00 00 00 00 00 
00 6c fe 6c 6c fe 6c 00 
18 fa e0 fe 0e ec f8 18 
e0 e5 1c 38 f0 ce 0e 00 
00 34 60 fe ec ec fe 00 
08 1c 38 00 00 00 00 00 
00 3e 70 70 70 30 1a 00 
00 7c 0e 0e 0e 0c 58 00 
00 6c 38 fa 38 6c 00 00 
00 28 20 fe fe 38 38 00 
00 00 00 00 00 08 1c 38 
00 00 00 7e 00 00 00 00 
00 00 00 00 00 38 38 00 
00 00 0d 3c f0 c0 00 00 
00 3e 6e ee ee 2c b8 00 
00 14 04 1c 1c 1c 1c 00 
00 f8 ec 0e fe e0 fa 00 
00 be 0e 1c 0e ec f8 00 
00 3a 60 ee fe 0e 0e 00 
00 fa e0 fe 0e ec f8 00 
00 fa e0 fe ee ec f8 00 
00 f8 ec 0e be 0e 0e 00 
00 3e 6e fc 6e ec f8 00 
00 3e 6e ee fe 0e be 00 
00 00 38 38 00 38 38 00 
00 00 38 38 00 10 38 70 
00 1c 38 70 38 1c 00 00 
00 00 7e 00 7e 00 00 00 
00 38 1c 0e 1c 38 00 00 
00 be 0e 3c 00 38 38 00 
00 fe ee ea ee 60 3a 00 
00 be 3e ee fe ee ee 00 
00 be 0e fc ee ec f8 00 
00 fe ee e0 e0 60 3a 00 
00 be 0e ee ee ec f8 00 
00 fa e0 f8 e0 6e 3e 00 
00 fa e0 f8 e0 60 20 00 
00 fa e0 ee ee 6e 3e 00 
00 ee ee fe ee e8 ea 00 
00 28 20 38 38 38 38 00 
00 0e 0e 0e 0e 0c b8 00 
00 ae 6e fc fc ee ee 00 
00 e0 e0 e0 e0 60 3a 00 
00 c6 ee fe fe e2 ea 00 
00 ca e8 fe fe ee e6 00 
00 be 0e ee ee 6c 38 00 
00 be 0e fc e0 e0 e0 00 
00 b8 0c ee ee 6e 3e 00 
00 be 0e ec f8 ec ee 00 
00 fa e0 fe 0e ec f8 00 
00 be 38 38 38 38 38 00 
00 ea e8 ee ee 6e 3e 00 
00 ea e8 ee ec e8 f0 00 
00 ea e2 fe fe ee c6 00 
00 ea e8 7c 7c ee ee 00 
00 ee ee 7c 38 18 28 00 
00 5e 0e 1c 38 70 7e 00 
00 7a 70 70 70 30 1e 00 
00 00 b0 3c 0f 03 00 00 
00 5e 0e 0e 0e 0c 78 00 
10 38 7c ee c6 00 00 00 
00 00 00 00 00 00 00 ff 
00 3e 6e e0 f8 e0 fa 00 
00 00 be 2e ee fe ee 00 
00 00 be 0c fe ec f8 00 
00 00 fe ee e0 60 3a 00 
00 00 be 0e ee ec f8 00 
00 00 fa e0 f0 6e 3e 00 
00 00 fa e0 f0 e0 60 00 
00 00 fa e0 ee 6e 3e 00 
00 00 ee ee fe e8 ea 00 
00 00 28 20 38 38 38 00 
00 00 0e 0e 0e 0c b8 00 
00 00 ae 2c f8 ec ee 00 
00 00 e0 e0 e0 60 3a 00 
00 00 c6 ee fe ee d6 00 
00 00 ca e8 fe ee e6 00 
00 00 be 0e ee 6c 38 00 
00 00 be 0e fc e0 e0 00 
00 00 fa e0 7e 0e 0e 00 
00 00 be 2c f8 fc ee 00 
00 00 fa e0 fe 1c f8 00 
00 00 be 38 38 38 38 00 
00 00 ea e8 ee 6e 3e 00 
00 00 ea e8 ee ec f8 00 
00 00 d6 ee fe ee c6 00 
00 00 ea ec 7c ee ee 00 
00 00 ea e8 7c 38 38 00 
00 00 5e 1c 38 70 7e 00 
00 7a 70 f0 70 30 1e 00 
38 38 38 38 38 38 38 00 
00 bc 1c 1e 1c 18 f0 00 
72 38 9c 00 00 00 00 00 
7e 81 7e 66 60 3a 81 7e 
00 00 00 00 00 00 00 00
00 00 00 00 00 00 00 00
00 00 00 00 00 00 00 00
00 00 00 00 00 00 00 00
00 00 00 00 00 00 00 00
00 00 00 00 00 00 00 00
00 00 00 00 00 00 00 00
00 00 00 00 00 00 00 00
00 00 00 00 00 00 00 00
00 00 00 00 00 00 00 00
00 00 00 00 00 00 00 00
00 00 00 00 00 00 00 00
00 00 00 00 00 00 00 00
00 00 00 00 00 00 00 00
00 00 00 00 00 00 00 00
00 00 00 00 00 00 00 00
00 00 00 00 00 00 00 00
00 00 00 00 00 00 00 00
00 00 00 00 00 00 00 00
00 00 00 00 00 00 00 00
00 00 00 00 00 00 00 00
00 00 00 00 00 00 00 00
00 00 00 00 00 00 00 00
00 00 00 00 00 00 00 00
00 00 00 00 00 00 00 00
00 00 00 00 00 00 00 00
00 00 00 00 00 00 00 00
00 00 00 00 00 00 00 00
00 00 00 00 00 00 00 00
00 00 00 00 00 00 00 00
00 00 00 00 00 00 00 00
00 00 00 00 00 00 00 00
00 00 00 00 00 00 00 00
00 00 00 00 00 00 00 00
00 00 00 00 00 00 00 00
00 00 00 00 00 00 00 00
00 00 00 00 00 00 00 00
00 00 00 00 00 00 00 00
00 00 00 00 00 00 00 00
00 00 00 00 00 00 00 00
00 00 00 00 00 00 00 00
00 00 00 00 00 00 00 00
00 00 00 00 00 00 00 00
00 00 00 00 00 00 00 00
00 00 00 00 00 00 00 00
00 00 00 00 00 00 00 00
00 00 00 00 00 00 00 00
00 00 00 00 00 00 00 00
00 00 00 00 00 00 00 00
00 00 00 00 00 00 00 00
00 00 00 00 00 00 00 00
00 00 00 00 00 00 00 00
00 00 00 00 00 00 00 00
00 00 00 00 00 00 00 00
00 00 00 00 00 00 00 00
00 00 00 00 00 00 00 00
00 00 00 00 00 00 00 00
00 00 00 00 00 00 00 00
00 00 00 00 00 00 00 00
00 00 00 00 00 00 00 00
00 00 00 00 00 00 00 00
00 00 00 00 00 00 00 00
00 00 00 00 00 00 00 00
00 00 00 00 00 00 00 00
00 00 00 00 00 00 00 00
00 00 00 00 00 00 00 00
00 00 00 00 00 00 00 00
00 00 00 00 00 00 00 00
00 00 00 00 00 00 00 00
00 00 00 00 00 00 00 00
00 00 00 00 00 00 00 00
00 00 00 00 00 00 00 00
00 00 00 00 00 00 00 00
00 00 00 00 00 00 00 00
00 00 00 00 00 00 00 00
00 00 00 00 00 00 00 00
00 00 00 00 00 00 00 00
00 00 00 00 00 00 00 00
00 00 00 00 00 00 00 00
00 00 00 00 00 00 00 00
00 00 00 00 00 00 00 00
00 00 00 00 00 00 00 00
00 00 00 00 00 00 00 00
00 00 00 00 00 00 00 00
00 00 00 00 00 00 00 00
00 00 00 00 00 00 00 00
00 00 00 00 00 00 00 00
00 00 00 00 00 00 00 00
00 00 00 00 00 00 00 00
00 00 00 00 00 00 00 00
00 00 00 00 00 00 00 00
00 00 00 00 00 00 00 00
00 00 00 00 00 00 00 00
00 00 00 00 00 00 00 00
00 00 00 00 00 00 00 00
00 00 00 00 00 00 00 00
00 00 00 00 00 00 00 00
00 00 00 00 00 00 00 00
00 00 00 00 00 00 00 00
00 00 00 00 00 00 00 00
00 00 00 00 00 00 00 00
00 00 00 00 00 00 00 00
00 00 00 00 00 00 00 00
00 00 00 00 00 00 00 00
00 00 00 00 00 00 00 00
00 00 00 00 00 00 00 00
00 00 00 00 00 00 00 00
00 00 00 00 00 00 00 00
00 00 00 00 00 00 00 00
00 00 00 00 00 00 00 00
00 00 00 00 00 00 00 00
00 00 00 00 00 00 00 00
00 00 00 00 00 00 00 00
00 00 00 00 00 00 00 00
00 00 00 00 00 00 00 00
00 00 00 00 00 00 00 00
00 00 00 00 00 00 00 00
00 00 00 00 00 00 00 00
00 00 00 00 00 00 00 00
00 00 00 00 00 00 00 00
00 00 00 00 00 00 00 00
00 00 00 00 00 00 00 00
00 00 00 00 00 00 00 00
00 00 00 00 00 00 00 00
00 00 00 00 00 00 00 00
00 00 00 00 00 00 00 00
00 00 00 00 00 00 00 00
00 00 00 00 00 00 00 00
