42 4d 46 00 08 08 00 01
00 00 00 00 00 00 00 00
00 00 00 00 00 00 00 00
00 00 00 00 00 00 00 00
00 00 00 00 00 00 00 00
00 00 00 00 00 00 00 00
00 00 00 00 00 00 00 00
00 00 00 00 00 00 00 00
00 00 00 00 00 00 00 00
00 00 00 00 00 00 00 00
00 00 00 00 00 00 00 00
00 00 00 00 00 00 00 00
00 00 00 00 00 00 00 00
00 00 00 00 00 00 00 00
00 00 00 00 00 00 00 00
00 00 00 00 00 00 00 00
00 00 00 00 00 00 00 00
00 00 00 00 00 00 00 00
00 00 00 00 00 00 00 00
00 00 00 00 00 00 00 00
00 00 00 00 00 00 00 00
00 00 00 00 00 00 00 00
00 00 00 00 00 00 00 00
00 00 00 00 00 00 00 00
00 00 00 00 00 00 00 00
00 00 00 00 00 00 00 00
00 00 00 00 00 00 00 00
00 00 00 00 00 00 00 00
00 00 00 00 00 00 00 00
00 00 00 00 00 00 00 00
00 00 00 00 00 00 00 00
00 00 00 00 00 00 00 00
00 00 00 00 00 00 00 00
00 00 00 00 00 00 00 00 
18 18 18 18 18 00 10 00 
36 6c 00 00 00 00 00 00 
00 34 7e 34 34 7e 34 00 
10 fe d2 f8 3e 96 fe 10 
e2 ae f8 10 3e ea 8e 00 
f8 c8 c8 7e c4 c4 fe 00 
18 30 00 00 00 00 00 00 
04 3c 30 30 30 3c 04 00 
20 3c 0c 0c 0c 3c 20 00 
00 10 54 7c 54 10 00 00 
00 18 18 7e 18 18 00 00 
00 00 00 00 00 00 18 30 
00 00 00 7e 00 00 00 00 
00 00 00 00 00 00 18 00 
0e 0c 0c 3c 30 30 f0 00 
fa c6 dc d2 72 c2 be 00 
78 58 18 18 18 18 7e 00 
fe 86 06 3e f0 c0 fe 00 
fe 86 0e 38 0e 86 fe 00 
18 70 4c cc 8c fe 0c 00 
fe c0 fe 06 06 86 fe 00 
3e f2 c0 fe c2 c2 fe 00 
fe 06 0e 18 38 60 60 00 
fe c2 c2 7c c2 c2 fe 00 
fe 86 86 fe 06 9e f8 00 
00 00 18 00 00 00 18 00 
00 00 18 00 00 18 30 00 
04 1c 18 78 18 1c 04 00 
00 00 7e 00 7e 00 00 00 
20 38 18 1e 18 38 20 00 
fe 86 06 1e 10 00 10 00 
fe c2 de d2 de c0 fe 00 
78 58 58 58 fe 86 86 00 
fe 86 86 fc 86 86 fe 00 
3e 32 f0 c0 c0 c2 fe 00 
f8 9e 86 86 86 9e f8 00 
fe c0 c0 f8 c0 c0 fe 00 
fe c0 c0 f8 c0 c0 c0 00 
3e 32 f0 c6 c2 c2 fe 00 
c2 c2 c2 fe c2 c2 c2 00 
7e 18 18 18 18 18 7e 00 
06 06 06 06 86 86 fe 00 
c2 ce d8 f0 d8 ce c2 00 
c0 c0 c0 c0 c0 c0 fe 00 
ee ea fa d2 d2 c2 c2 00 
c2 e2 e2 fa ca ce c2 00 
fe c2 c2 c2 c2 c2 fe 00 
fe c2 c2 c2 fe c0 c0 00 
fe c2 c2 d0 dc c4 f6 00 
fe c2 c2 fe c8 ce c2 00 
fe c2 c0 fe 06 86 fe 00 
ff 18 18 18 18 18 18 00 
c2 c2 c2 c2 c2 c2 fe 00 
c2 c2 c6 64 7c 38 38 00 
c2 c2 d2 d2 fa ea ee 00 
c2 c2 fe 38 ee 86 86 00 
86 86 ee 38 18 18 18 00 
fe 86 1e 38 f0 c2 fe 00 
3c 30 30 30 30 30 3c 00 
e0 60 60 78 18 18 1e 00 
3c 0c 0c 0c 0c 0c 3c 00 
10 10 7c 44 44 00 00 00 
00 00 00 00 00 00 00 ff 
7e 62 62 f8 60 62 fe 00 
00 00 7e 06 fe 86 fe 00 
c0 c0 fe c2 c2 c2 fe 00 
00 00 fe c2 c0 c2 fe 00 
06 06 fe 86 86 86 fe 00 
00 00 fe c2 fe c0 fe 00 
3e 32 30 f8 30 30 30 00 
00 00 fe 86 86 fe 06 7e 
c0 c0 fe c2 c2 c2 c2 00 
10 00 18 18 18 18 18 00 
02 00 06 06 06 06 86 fe 
c0 c2 ce f8 ce c2 c2 00 
38 18 18 18 18 18 18 00 
00 00 fe d2 d2 d2 d2 00 
00 00 fe c2 c2 c2 c2 00 
00 00 fe c2 c2 c2 fe 00 
00 00 fe c2 c2 fe c0 c0 
00 00 fe 86 86 fe 06 06 
00 00 fe c2 c0 c0 c0 00 
00 00 fe c0 fe 06 fe 00 
30 30 f8 30 30 32 3e 00 
00 00 c2 c2 c2 c2 fe 00 
00 00 c2 c2 fe 38 38 00 
00 00 c2 d2 f6 74 7c 00 
00 00 c2 fe 38 ee 86 00 
00 00 86 86 fe 38 30 f0 
00 00 fe 0c 7c 60 fe 00 
1e 18 18 78 18 18 1e 00 
18 18 18 18 18 18 18 00 
78 18 18 1e 18 18 78 00 
74 7c 5c 00 00 00 00 00 
e3 9d b5 b1 b1 b5 9d e3 
00 00 00 00 00 00 00 00
00 00 00 00 00 00 00 00
00 00 00 00 00 00 00 00
00 00 00 00 00 00 00 00
00 00 00 00 00 00 00 00
00 00 00 00 00 00 00 00
00 00 00 00 00 00 00 00
00 00 00 00 00 00 00 00
00 00 00 00 00 00 00 00
00 00 00 00 00 00 00 00
00 00 00 00 00 00 00 00
00 00 00 00 00 00 00 00
00 00 00 00 00 00 00 00
00 00 00 00 00 00 00 00
00 00 00 00 00 00 00 00
00 00 00 00 00 00 00 00
00 00 00 00 00 00 00 00
00 00 00 00 00 00 00 00
00 00 00 00 00 00 00 00
00 00 00 00 00 00 00 00
00 00 00 00 00 00 00 00
00 00 00 00 00 00 00 00
00 00 00 00 00 00 00 00
00 00 00 00 00 00 00 00
00 00 00 00 00 00 00 00
00 00 00 00 00 00 00 00
00 00 00 00 00 00 00 00
00 00 00 00 00 00 00 00
00 00 00 00 00 00 00 00
00 00 00 00 00 00 00 00
00 00 00 00 00 00 00 00
00 00 00 00 00 00 00 00
00 00 00 00 00 00 00 00
00 00 00 00 00 00 00 00
00 00 00 00 00 00 00 00
00 00 00 00 00 00 00 00
00 00 00 00 00 00 00 00
00 00 00 00 00 00 00 00
00 00 00 00 00 00 00 00
00 00 00 00 00 00 00 00
00 00 00 00 00 00 00 00
00 00 00 00 00 00 00 00
00 00 00 00 00 00 00 00
00 00 00 00 00 00 00 00
00 00 00 00 00 00 00 00
00 00 00 00 00 00 00 00
00 00 00 00 00 00 00 00
00 00 00 00 00 00 00 00
00 00 00 00 00 00 00 00
00 00 00 00 00 00 00 00
00 00 00 00 00 00 00 00
00 00 00 00 00 00 00 00
00 00 00 00 00 00 00 00
00 00 00 00 00 00 00 00
00 00 00 00 00 00 00 00
00 00 00 00 00 00 00 00
00 00 00 00 00 00 00 00
00 00 00 00 00 00 00 00
00 00 00 00 00 00 00 00
00 00 00 00 00 00 00 00
00 00 00 00 00 00 00 00
00 00 00 00 00 00 00 00
00 00 00 00 00 00 00 00
00 00 00 00 00 00 00 00
00 00 00 00 00 00 00 00
00 00 00 00 00 00 00 00
00 00 00 00 00 00 00 00
00 00 00 00 00 00 00 00
00 00 00 00 00 00 00 00
00 00 00 00 00 00 00 00
00 00 00 00 00 00 00 00
00 00 00 00 00 00 00 00
00 00 00 00 00 00 00 00
00 00 00 00 00 00 00 00
00 00 00 00 00 00 00 00
00 00 00 00 00 00 00 00
00 00 00 00 00 00 00 00
00 00 00 00 00 00 00 00
00 00 00 00 00 00 00 00
00 00 00 00 00 00 00 00
00 00 00 00 00 00 00 00
00 00 00 00 00 00 00 00
00 00 00 00 00 00 00 00
00 00 00 00 00 00 00 00
00 00 00 00 00 00 00 00
00 00 00 00 00 00 00 00
00 00 00 00 00 00 00 00
00 00 00 00 00 00 00 00
00 00 00 00 00 00 00 00
00 00 00 00 00 00 00 00
00 00 00 00 00 00 00 00
00 00 00 00 00 00 00 00
00 00 00 00 00 00 00 00
00 00 00 00 00 00 00 00
00 00 00 00 00 00 00 00
00 00 00 00 00 00 00 00
00 00 00 00 00 00 00 00
00 00 00 00 00 00 00 00
00 00 00 00 00 00 00 00
00 00 00 00 00 00 00 00
00 00 00 00 00 00 00 00
00 00 00 00 00 00 00 00
00 00 00 00 00 00 00 00
00 00 00 00 00 00 00 00
00 00 00 00 00 00 00 00
00 00 00 00 00 00 00 00
00 00 00 00 00 00 00 00
00 00 00 00 00 00 00 00
00 00 00 00 00 00 00 00
00 00 00 00 00 00 00 00
00 00 00 00 00 00 00 00
00 00 00 00 00 00 00 00
00 00 00 00 00 00 00 00
00 00 00 00 00 00 00 00
00 00 00 00 00 00 00 00
00 00 00 00 00 00 00 00
00 00 00 00 00 00 00 00
00 00 00 00 00 00 00 00
00 00 00 00 00 00 00 00
00 00 00 00 00 00 00 00
00 00 00 00 00 00 00 00
00 00 00 00 00 00 00 00
00 00 00 00 00 00 00 00
00 00 00 00 00 00 00 00
00 00 00 00 00 00 00 00
00 00 00 00 00 00 00 00
00 00 00 00 00 00 00 00
00 00 00 00 00 00 00 00
