42 4d 46 00 08 08 00 01
00 00 00 00 00 00 00 00
00 00 00 00 00 00 00 00
00 00 00 00 00 00 00 00
00 00 00 00 00 00 00 00
00 00 00 00 00 00 00 00
00 00 00 00 00 00 00 00
00 00 00 00 00 00 00 00
00 00 00 00 00 00 00 00
00 00 00 00 00 00 00 00
00 00 00 00 00 00 00 00
00 00 00 00 00 00 00 00
00 00 00 00 00 00 00 00
00 00 00 00 00 00 00 00
00 00 00 00 00 00 00 00
00 00 00 00 00 00 00 00
00 00 00 00 00 00 00 00
00 00 00 00 00 00 00 00
00 00 00 00 00 00 00 00
00 00 00 00 00 00 00 00
00 00 00 00 00 00 00 00
00 00 00 00 00 00 00 00
00 00 00 00 00 00 00 00
00 00 00 00 00 00 00 00
00 00 00 00 00 00 00 00
00 00 00 00 00 00 00 00
00 00 00 00 00 00 00 00
00 00 00 00 00 00 00 00
00 00 00 00 00 00 00 00
00 00 00 00 00 00 00 00
00 00 00 00 00 00 00 00
00 00 00 00 00 00 00 00
00 00 00 00 00 00 00 00
00 00 00 00 00 00 00 00 
10 10 10 10 00 38 38 00 
ee cc cc 00 00 00 00 00 
44 fe fe fe 44 fe 44 00 
18 7e e0 7c 0e fc 30 00 
e2 e6 ec 18 30 60 c6 00 
7c fc fc 80 7e 84 7e 00 
38 30 30 00 00 00 00 00 
1c 3c 3c 20 20 20 1c 00 
38 3c 3c 04 04 04 38 00 
00 10 7c 38 7c 10 00 00 
10 10 7c 7c 7c 10 10 00 
00 00 00 00 00 38 30 30 
00 00 7e 7e 7e 00 00 00 
00 00 00 00 00 38 38 00 
0c 0c 18 18 18 30 30 00 
7c fe fe 8a 92 a2 7c 00 
18 38 38 08 08 08 08 00 
fc fe fe 02 7c c0 fe 00 
fe fe fe 02 7c 02 fc 00 
1c 3c 7c fc 84 fe 04 00 
fe fe fe 80 7c 06 fc 00 
7c fc fc 80 fc 82 7c 00 
fe fe fe 04 08 08 10 00 
7c fe fe 82 7c 82 7c 00 
7c fe fe 82 7e 02 7c 00 
00 38 38 38 00 38 00 00 
00 1c 1c 1c 00 1c 18 18 
00 18 38 78 60 20 18 00 
00 7e 7e 7e 00 7e 00 00 
00 30 38 3c 0c 08 30 00 
fc fe fe 02 3c 00 38 00 
1c 3e 7e 52 4e 20 1e 00 
7c fe fe 82 fe 82 82 00 
fc fe fe 82 fc 82 fc 00 
7c fe fe 82 80 80 7e 00 
fc fe fe 82 82 82 fc 00 
7e fe fe 80 fc 80 7e 00 
7e fe fe 80 fc 80 80 00 
7e fe fe 80 be 82 7e 00 
82 82 fe fe fe 82 82 00 
7c 7c 7c 10 10 10 7c 00 
1e 1e 1e 04 04 8c 78 00 
82 86 dc f8 dc 86 82 00 
80 80 80 80 c0 fe fe 00 
ee fe fe 92 92 92 92 00 
fc fe fe 82 82 82 82 00 
7c fe fe 82 82 82 7c 00 
fc fe fe 82 fc 80 80 00 
7c fe fe 82 8a 84 7a 02 
fc fe fe 82 fc 88 86 00 
7e fe fe 80 7c 06 fc 00 
fe fe fe 10 10 10 10 00 
82 82 82 82 c6 fe 7c 00 
82 82 82 c6 ee 7c 38 00 
92 92 92 92 fe fe ee 00 
82 82 ee 7c ee 82 82 00 
82 82 ee fe 7c 10 10 00 
fe fe fe 0c 30 c0 fe 00 
1c 3c 3c 20 20 20 1c 00 
30 30 18 18 18 0c 0c 00 
38 3c 3c 04 04 04 38 00 
38 7c fe fe 10 10 10 10 
00 00 00 00 00 00 ff ff 
3c 7e 7e 42 f0 40 fe 00 
00 00 7c 82 c6 fe 7e 00 
80 80 fc 82 c6 fe 7c 00 
00 00 7e 80 c0 fe 7e 00 
02 02 7e 82 c6 fe 7c 00 
00 00 7c 8e f0 fe 7e 00 
0c 10 10 7e 7e 10 10 10 
00 00 7c 82 7e 06 fe fc 
80 80 bc fe c6 82 82 00 
30 00 30 10 10 38 38 00 
06 00 06 02 02 0e 7e 7c 
80 84 8c f8 f8 cc 86 00 
60 20 20 20 30 3c 1c 00 
00 00 6c fe d6 92 92 00 
00 00 7c fe c6 82 82 00 
00 00 7c 82 c6 fe 7c 00 
00 00 7c 82 c6 fe fc 80 
00 00 7c 82 c6 fe 7e 02 
00 00 7c fe c2 80 80 00 
00 00 7e f0 1e fe fc 00 
20 20 fc 20 30 3e 1e 00 
00 00 82 82 c6 fe 7c 00 
00 00 82 82 ee 7c 38 00 
00 00 92 92 d6 fe 6c 00 
00 00 c6 7c 38 7c c6 00 
00 00 82 c2 7e 06 fe fc 
00 00 fe 1c 70 fe fe 00 
1e 38 38 f0 38 38 1e 00 
38 38 38 38 38 38 38 00 
f0 38 38 1e 38 38 f0 00 
34 7c 58 00 00 00 00 00 
7e c3 99 a1 99 c3 ff 7e 
00 00 00 00 00 00 00 00
00 00 00 00 00 00 00 00
00 00 00 00 00 00 00 00
00 00 00 00 00 00 00 00
00 00 00 00 00 00 00 00
00 00 00 00 00 00 00 00
00 00 00 00 00 00 00 00
00 00 00 00 00 00 00 00
00 00 00 00 00 00 00 00
00 00 00 00 00 00 00 00
00 00 00 00 00 00 00 00
00 00 00 00 00 00 00 00
00 00 00 00 00 00 00 00
00 00 00 00 00 00 00 00
00 00 00 00 00 00 00 00
00 00 00 00 00 00 00 00
00 00 00 00 00 00 00 00
00 00 00 00 00 00 00 00
00 00 00 00 00 00 00 00
00 00 00 00 00 00 00 00
00 00 00 00 00 00 00 00
00 00 00 00 00 00 00 00
00 00 00 00 00 00 00 00
00 00 00 00 00 00 00 00
00 00 00 00 00 00 00 00
00 00 00 00 00 00 00 00
00 00 00 00 00 00 00 00
00 00 00 00 00 00 00 00
00 00 00 00 00 00 00 00
00 00 00 00 00 00 00 00
00 00 00 00 00 00 00 00
00 00 00 00 00 00 00 00
00 00 00 00 00 00 00 00
00 00 00 00 00 00 00 00
00 00 00 00 00 00 00 00
00 00 00 00 00 00 00 00
00 00 00 00 00 00 00 00
00 00 00 00 00 00 00 00
00 00 00 00 00 00 00 00
00 00 00 00 00 00 00 00
00 00 00 00 00 00 00 00
00 00 00 00 00 00 00 00
00 00 00 00 00 00 00 00
00 00 00 00 00 00 00 00
00 00 00 00 00 00 00 00
00 00 00 00 00 00 00 00
00 00 00 00 00 00 00 00
00 00 00 00 00 00 00 00
00 00 00 00 00 00 00 00
00 00 00 00 00 00 00 00
00 00 00 00 00 00 00 00
00 00 00 00 00 00 00 00
00 00 00 00 00 00 00 00
00 00 00 00 00 00 00 00
00 00 00 00 00 00 00 00
00 00 00 00 00 00 00 00
00 00 00 00 00 00 00 00
00 00 00 00 00 00 00 00
00 00 00 00 00 00 00 00
00 00 00 00 00 00 00 00
00 00 00 00 00 00 00 00
00 00 00 00 00 00 00 00
00 00 00 00 00 00 00 00
00 00 00 00 00 00 00 00
00 00 00 00 00 00 00 00
00 00 00 00 00 00 00 00
00 00 00 00 00 00 00 00
00 00 00 00 00 00 00 00
00 00 00 00 00 00 00 00
00 00 00 00 00 00 00 00
00 00 00 00 00 00 00 00
00 00 00 00 00 00 00 00
00 00 00 00 00 00 00 00
00 00 00 00 00 00 00 00
00 00 00 00 00 00 00 00
00 00 00 00 00 00 00 00
00 00 00 00 00 00 00 00
00 00 00 00 00 00 00 00
00 00 00 00 00 00 00 00
00 00 00 00 00 00 00 00
00 00 00 00 00 00 00 00
00 00 00 00 00 00 00 00
00 00 00 00 00 00 00 00
00 00 00 00 00 00 00 00
00 00 00 00 00 00 00 00
00 00 00 00 00 00 00 00
00 00 00 00 00 00 00 00
00 00 00 00 00 00 00 00
00 00 00 00 00 00 00 00
00 00 00 00 00 00 00 00
00 00 00 00 00 00 00 00
00 00 00 00 00 00 00 00
00 00 00 00 00 00 00 00
00 00 00 00 00 00 00 00
00 00 00 00 00 00 00 00
00 00 00 00 00 00 00 00
00 00 00 00 00 00 00 00
00 00 00 00 00 00 00 00
00 00 00 00 00 00 00 00
00 00 00 00 00 00 00 00
00 00 00 00 00 00 00 00
00 00 00 00 00 00 00 00
00 00 00 00 00 00 00 00
00 00 00 00 00 00 00 00
00 00 00 00 00 00 00 00
00 00 00 00 00 00 00 00
00 00 00 00 00 00 00 00
00 00 00 00 00 00 00 00
00 00 00 00 00 00 00 00
00 00 00 00 00 00 00 00
00 00 00 00 00 00 00 00
00 00 00 00 00 00 00 00
00 00 00 00 00 00 00 00
00 00 00 00 00 00 00 00
00 00 00 00 00 00 00 00
00 00 00 00 00 00 00 00
00 00 00 00 00 00 00 00
00 00 00 00 00 00 00 00
00 00 00 00 00 00 00 00
00 00 00 00 00 00 00 00
00 00 00 00 00 00 00 00
00 00 00 00 00 00 00 00
00 00 00 00 00 00 00 00
00 00 00 00 00 00 00 00
00 00 00 00 00 00 00 00
00 00 00 00 00 00 00 00
00 00 00 00 00 00 00 00
00 00 00 00 00 00 00 00
