42 4d 46 00 08 08 00 01
00 00 00 00 00 00 00 00
00 00 00 00 00 00 00 00
00 00 00 00 00 00 00 00
00 00 00 00 00 00 00 00
00 00 00 00 00 00 00 00
00 00 00 00 00 00 00 00
00 00 00 00 00 00 00 00
00 00 00 00 00 00 00 00
00 00 00 00 00 00 00 00
00 00 00 00 00 00 00 00
00 00 00 00 00 00 00 00
00 00 00 00 00 00 00 00
00 00 00 00 00 00 00 00
00 00 00 00 00 00 00 00
00 00 00 00 00 00 00 00
00 00 00 00 00 00 00 00
00 00 00 00 00 00 00 00
00 00 00 00 00 00 00 00
00 00 00 00 00 00 00 00
00 00 00 00 00 00 00 00
00 00 00 00 00 00 00 00
00 00 00 00 00 00 00 00
00 00 00 00 00 00 00 00
00 00 00 00 00 00 00 00
00 00 00 00 00 00 00 00
00 00 00 00 00 00 00 00
00 00 00 00 00 00 00 00
00 00 00 00 00 00 00 00
00 00 00 00 00 00 00 00
00 00 00 00 00 00 00 00
00 00 00 00 00 00 00 00
00 00 00 00 00 00 00 00
00 00 00 00 00 00 00 00 
10 10 10 10 10 00 10 00 
28 28 28 00 00 00 00 00 
28 28 7c 28 7c 28 28 00 
10 3c 50 38 14 78 10 00 
64 68 08 10 20 2c 4c 00 
38 40 40 3c 48 48 3c 00 
10 10 10 00 00 00 00 00 
08 10 20 20 20 10 08 00 
20 10 08 08 08 10 20 00 
00 10 54 38 54 10 00 00 
00 10 10 7c 10 10 00 00 
00 00 00 00 00 20 20 40 
00 00 00 7c 00 00 00 00 
00 00 00 00 00 40 40 00 
04 04 08 10 20 40 40 00 
38 44 4c 54 64 44 38 00 
10 30 10 10 10 10 38 00 
38 44 04 08 10 20 7c 00 
7c 04 08 18 04 04 78 00 
0c 14 24 44 7c 04 04 00 
7c 40 40 78 04 04 78 00 
18 20 40 78 44 44 38 00 
7c 04 04 08 08 10 10 00 
38 44 44 38 44 44 38 00 
38 44 44 3c 04 08 30 00 
00 00 10 10 00 10 10 00 
00 00 10 10 00 10 10 20 
04 08 10 20 10 08 04 00 
00 00 7c 00 7c 00 00 00 
20 10 08 04 08 10 20 00 
38 04 04 08 10 00 10 00 
1c 22 4e 52 52 4e 20 1e 
10 10 28 28 7c 44 44 00 
78 44 44 78 44 44 78 00 
38 44 40 40 40 44 38 00 
78 44 44 44 44 44 78 00 
7c 40 40 78 40 40 7c 00 
7c 40 40 78 40 40 40 00 
3c 40 40 4c 44 44 3c 00 
44 44 44 7c 44 44 44 00 
38 10 10 10 10 10 38 00 
04 04 04 04 44 44 38 00 
44 48 50 60 50 48 44 00 
40 40 40 40 40 40 7c 00 
82 c6 aa 92 92 82 82 00 
44 64 54 4c 44 44 44 00 
38 44 44 44 44 44 38 00 
78 44 44 78 40 40 40 00 
38 44 44 44 54 48 34 04 
78 44 44 78 50 48 44 00 
3c 40 40 38 04 04 78 00 
7c 10 10 10 10 10 10 00 
44 44 44 44 44 44 38 00 
44 44 44 28 28 10 10 00 
92 92 aa aa 44 44 44 00 
44 44 28 10 28 44 44 00 
44 44 28 28 10 10 10 00 
7c 04 08 10 20 40 7c 00 
3c 20 20 20 20 20 3c 00 
40 40 20 10 08 04 04 00 
3c 04 04 04 04 04 3c 00 
10 38 54 10 10 10 00 00 
00 00 00 00 00 00 00 ff 
1c 20 20 78 20 20 7c 00 
00 38 04 3c 44 44 3c 00 
40 58 64 44 44 44 78 00 
00 38 44 40 40 44 38 00 
04 34 4c 44 44 44 3c 00 
00 38 44 7c 40 44 38 00 
0c 10 3c 10 10 10 10 10 
00 3c 44 44 44 3c 04 38 
40 58 64 44 44 44 44 00 
00 30 10 10 10 10 10 00 
00 18 08 08 08 08 08 30 
20 24 28 30 28 24 22 00 
30 10 10 10 10 10 10 00 
00 fc 92 92 92 92 92 00 
00 78 44 44 44 44 44 00 
00 38 44 44 44 44 38 00 
00 78 44 44 44 64 58 40 
00 3c 44 44 44 4c 34 04 
00 2c 30 20 20 20 20 00 
00 3c 40 38 04 04 78 00 
10 3c 10 10 10 10 0c 00 
00 44 44 44 44 44 3c 00 
00 44 44 28 28 10 10 00 
00 91 91 4a 5a 24 24 00 
00 44 28 10 10 28 44 00 
00 44 44 28 28 10 10 60 
00 3c 04 08 10 20 3c 00 
1c 10 10 60 10 10 1c 00 
10 10 10 10 10 10 10 00 
70 10 10 0c 10 10 70 00 
34 58 00 00 00 00 00 00 
3c 42 99 a5 a1 9d 42 3c 
00 00 00 00 00 00 00 00
00 00 00 00 00 00 00 00
00 00 00 00 00 00 00 00
00 00 00 00 00 00 00 00
00 00 00 00 00 00 00 00
00 00 00 00 00 00 00 00
00 00 00 00 00 00 00 00
00 00 00 00 00 00 00 00
00 00 00 00 00 00 00 00
00 00 00 00 00 00 00 00
00 00 00 00 00 00 00 00
00 00 00 00 00 00 00 00
00 00 00 00 00 00 00 00
00 00 00 00 00 00 00 00
00 00 00 00 00 00 00 00
00 00 00 00 00 00 00 00
00 00 00 00 00 00 00 00
00 00 00 00 00 00 00 00
00 00 00 00 00 00 00 00
00 00 00 00 00 00 00 00
00 00 00 00 00 00 00 00
00 00 00 00 00 00 00 00
00 00 00 00 00 00 00 00
00 00 00 00 00 00 00 00
00 00 00 00 00 00 00 00
00 00 00 00 00 00 00 00
00 00 00 00 00 00 00 00
00 00 00 00 00 00 00 00
00 00 00 00 00 00 00 00
00 00 00 00 00 00 00 00
00 00 00 00 00 00 00 00
00 00 00 00 00 00 00 00
00 00 00 00 00 00 00 00
00 00 00 00 00 00 00 00
00 00 00 00 00 00 00 00
00 00 00 00 00 00 00 00
00 00 00 00 00 00 00 00
00 00 00 00 00 00 00 00
00 00 00 00 00 00 00 00
00 00 00 00 00 00 00 00
00 00 00 00 00 00 00 00
00 00 00 00 00 00 00 00
00 00 00 00 00 00 00 00
00 00 00 00 00 00 00 00
00 00 00 00 00 00 00 00
00 00 00 00 00 00 00 00
00 00 00 00 00 00 00 00
00 00 00 00 00 00 00 00
00 00 00 00 00 00 00 00
00 00 00 00 00 00 00 00
00 00 00 00 00 00 00 00
00 00 00 00 00 00 00 00
00 00 00 00 00 00 00 00
00 00 00 00 00 00 00 00
00 00 00 00 00 00 00 00
00 00 00 00 00 00 00 00
00 00 00 00 00 00 00 00
00 00 00 00 00 00 00 00
00 00 00 00 00 00 00 00
00 00 00 00 00 00 00 00
00 00 00 00 00 00 00 00
00 00 00 00 00 00 00 00
00 00 00 00 00 00 00 00
00 00 00 00 00 00 00 00
00 00 00 00 00 00 00 00
00 00 00 00 00 00 00 00
00 00 00 00 00 00 00 00
00 00 00 00 00 00 00 00
00 00 00 00 00 00 00 00
00 00 00 00 00 00 00 00
00 00 00 00 00 00 00 00
00 00 00 00 00 00 00 00
00 00 00 00 00 00 00 00
00 00 00 00 00 00 00 00
00 00 00 00 00 00 00 00
00 00 00 00 00 00 00 00
00 00 00 00 00 00 00 00
00 00 00 00 00 00 00 00
00 00 00 00 00 00 00 00
00 00 00 00 00 00 00 00
00 00 00 00 00 00 00 00
00 00 00 00 00 00 00 00
00 00 00 00 00 00 00 00
00 00 00 00 00 00 00 00
00 00 00 00 00 00 00 00
00 00 00 00 00 00 00 00
00 00 00 00 00 00 00 00
00 00 00 00 00 00 00 00
00 00 00 00 00 00 00 00
00 00 00 00 00 00 00 00
00 00 00 00 00 00 00 00
00 00 00 00 00 00 00 00
00 00 00 00 00 00 00 00
00 00 00 00 00 00 00 00
00 00 00 00 00 00 00 00
00 00 00 00 00 00 00 00
00 00 00 00 00 00 00 00
00 00 00 00 00 00 00 00
00 00 00 00 00 00 00 00
00 00 00 00 00 00 00 00
00 00 00 00 00 00 00 00
00 00 00 00 00 00 00 00
00 00 00 00 00 00 00 00
00 00 00 00 00 00 00 00
00 00 00 00 00 00 00 00
00 00 00 00 00 00 00 00
00 00 00 00 00 00 00 00
00 00 00 00 00 00 00 00
00 00 00 00 00 00 00 00
00 00 00 00 00 00 00 00
00 00 00 00 00 00 00 00
00 00 00 00 00 00 00 00
00 00 00 00 00 00 00 00
00 00 00 00 00 00 00 00
00 00 00 00 00 00 00 00
00 00 00 00 00 00 00 00
00 00 00 00 00 00 00 00
00 00 00 00 00 00 00 00
00 00 00 00 00 00 00 00
00 00 00 00 00 00 00 00
00 00 00 00 00 00 00 00
00 00 00 00 00 00 00 00
00 00 00 00 00 00 00 00
00 00 00 00 00 00 00 00
00 00 00 00 00 00 00 00
00 00 00 00 00 00 00 00
00 00 00 00 00 00 00 00
00 00 00 00 00 00 00 00
