42 4d 46 00 08 08 00 01
00 00 00 00 00 00 00 00
00 00 00 00 00 00 00 00
00 00 00 00 00 00 00 00
00 00 00 00 00 00 00 00
00 00 00 00 00 00 00 00
00 00 00 00 00 00 00 00
00 00 00 00 00 00 00 00
00 00 00 00 00 00 00 00
00 00 00 00 00 00 00 00
00 00 00 00 00 00 00 00
00 00 00 00 00 00 00 00
00 00 00 00 00 00 00 00
00 00 00 00 00 00 00 00
00 00 00 00 00 00 00 00
00 00 00 00 00 00 00 00
00 00 00 00 00 00 00 00
00 00 00 00 00 00 00 00
00 00 00 00 00 00 00 00
00 00 00 00 00 00 00 00
00 00 00 00 00 00 00 00
00 00 00 00 00 00 00 00
00 00 00 00 00 00 00 00
00 00 00 00 00 00 00 00
00 00 00 00 00 00 00 00
00 00 00 00 00 00 00 00
00 00 00 00 00 00 00 00
00 00 00 00 00 00 00 00
00 00 00 00 00 00 00 00
00 00 00 00 00 00 00 00
00 00 00 00 00 00 00 00
00 00 00 00 00 00 00 00
00 00 00 00 00 00 00 00
00 00 00 00 00 00 00 00 
08 08 08 10 10 00 20 00 
24 24 48 00 00 00 00 00 
00 24 7e 24 48 fc 48 00 
00 04 1e 28 1c 52 3c 20 
60 94 68 10 2c 52 0c 00 
10 28 28 3e 48 49 36 00 
08 08 10 00 00 00 00 00 
0c 10 20 20 20 10 0c 00 
30 08 04 04 04 08 30 00 
00 24 18 7e 18 24 00 00 
00 08 08 7e 10 10 00 00 
00 00 00 00 00 00 10 60 
00 00 00 7e 00 00 00 00 
00 00 00 00 00 00 10 00 
02 04 08 10 20 40 80 00 
1c 22 22 42 44 44 38 00 
08 18 28 08 10 10 10 00 
3c 42 04 18 20 42 7c 00 
3e 04 1c 06 02 44 38 00 
08 10 24 44 7e 08 08 00 
3c 40 78 04 02 82 7c 00 
10 20 5c 62 82 84 78 00 
7e 04 04 08 10 10 20 00 
1c 22 42 3c 44 82 7c 00 
3c 42 82 8e 72 04 04 00 
00 00 00 08 00 00 10 00 
00 00 00 08 00 00 10 60 
08 10 20 40 20 10 08 00 
00 00 7e 00 7e 00 00 00 
20 10 08 04 08 10 20 00 
3c 42 44 08 00 10 10 00 
78 84 32 0a 74 94 78 00 
08 18 28 28 7c 45 82 00 
38 64 24 28 44 62 5c 00 
18 24 40 80 84 48 30 00 
78 84 22 22 44 48 f0 00 
1c 22 20 18 21 42 3c 00 
1c 22 20 78 20 40 40 00 
1c 22 40 8e 82 4c 34 00 
22 62 22 3c 44 44 88 00 
18 28 08 08 10 10 20 00 
1a 04 04 24 44 48 30 00 
20 52 14 18 28 a4 42 00 
10 10 10 20 60 b2 6c 00 
24 2c 54 54 44 82 82 00 
21 31 2a 2a 4a 44 84 00 
18 24 42 82 84 48 30 00 
1c 62 a2 64 58 40 80 00 
18 24 42 82 8c 45 3a 00 
7c a2 24 58 68 49 c6 00 
7c 82 60 1c 42 84 78 00 
72 9c 10 10 20 20 40 00 
44 82 82 82 42 44 38 00 
84 42 42 44 24 28 30 00 
44 42 52 52 94 b4 48 00 
42 44 28 10 28 44 84 00 
42 44 28 10 10 20 20 00 
86 78 08 10 20 40 fe 00 
18 20 20 20 40 40 38 00 
80 40 20 10 10 08 04 00 
30 08 08 08 04 04 38 00 
10 10 28 44 00 00 00 00 
00 00 00 00 00 00 00 ff 
0c 12 20 78 20 62 9c 00 
00 00 38 44 84 8c 76 00 
20 40 5c 62 82 c4 b8 00 
00 00 1c 22 40 42 3c 00 
01 02 3a 44 84 8d 76 00 
00 00 1c 26 58 62 3c 00 
0c 12 10 78 20 20 20 40 
00 00 3a 44 8c 74 88 70 
10 20 2c 32 42 42 44 00 
08 00 10 30 50 14 08 00 
04 00 18 28 08 48 50 20 
20 52 14 18 26 22 44 00 
08 08 18 28 50 14 18 00 
00 00 a4 5a 52 94 84 00 
00 00 2c 32 42 44 86 00 
00 00 1c 22 42 44 38 00 
00 00 6e b1 21 22 5c 40 
00 00 3a 46 82 8c 75 06 
00 00 4c 32 40 40 80 00 
00 00 1c 20 1c 42 3c 00 
08 10 38 10 20 24 18 00 
00 00 22 44 44 4d 36 00 
00 00 42 44 24 28 10 00 
00 00 41 42 52 6c 44 00 
00 00 42 2c 10 6a 84 00 
00 00 22 42 8c 74 88 70 
00 00 72 0c 10 22 7c 00 
0e 10 08 70 08 10 0e 00 
10 10 10 10 10 10 10 00 
70 08 10 0e 10 08 70 00 
32 5a 4c 00 00 00 00 00 
22 49 55 91 a1 aa 92 44 
00 00 00 00 00 00 00 00
00 00 00 00 00 00 00 00
00 00 00 00 00 00 00 00
00 00 00 00 00 00 00 00
00 00 00 00 00 00 00 00
00 00 00 00 00 00 00 00
00 00 00 00 00 00 00 00
00 00 00 00 00 00 00 00
00 00 00 00 00 00 00 00
00 00 00 00 00 00 00 00
00 00 00 00 00 00 00 00
00 00 00 00 00 00 00 00
00 00 00 00 00 00 00 00
00 00 00 00 00 00 00 00
00 00 00 00 00 00 00 00
00 00 00 00 00 00 00 00
00 00 00 00 00 00 00 00
00 00 00 00 00 00 00 00
00 00 00 00 00 00 00 00
00 00 00 00 00 00 00 00
00 00 00 00 00 00 00 00
00 00 00 00 00 00 00 00
00 00 00 00 00 00 00 00
00 00 00 00 00 00 00 00
00 00 00 00 00 00 00 00
00 00 00 00 00 00 00 00
00 00 00 00 00 00 00 00
00 00 00 00 00 00 00 00
00 00 00 00 00 00 00 00
00 00 00 00 00 00 00 00
00 00 00 00 00 00 00 00
00 00 00 00 00 00 00 00
00 00 00 00 00 00 00 00
00 00 00 00 00 00 00 00
00 00 00 00 00 00 00 00
00 00 00 00 00 00 00 00
00 00 00 00 00 00 00 00
00 00 00 00 00 00 00 00
00 00 00 00 00 00 00 00
00 00 00 00 00 00 00 00
00 00 00 00 00 00 00 00
00 00 00 00 00 00 00 00
00 00 00 00 00 00 00 00
00 00 00 00 00 00 00 00
00 00 00 00 00 00 00 00
00 00 00 00 00 00 00 00
00 00 00 00 00 00 00 00
00 00 00 00 00 00 00 00
00 00 00 00 00 00 00 00
00 00 00 00 00 00 00 00
00 00 00 00 00 00 00 00
00 00 00 00 00 00 00 00
00 00 00 00 00 00 00 00
00 00 00 00 00 00 00 00
00 00 00 00 00 00 00 00
00 00 00 00 00 00 00 00
00 00 00 00 00 00 00 00
00 00 00 00 00 00 00 00
00 00 00 00 00 00 00 00
00 00 00 00 00 00 00 00
00 00 00 00 00 00 00 00
00 00 00 00 00 00 00 00
00 00 00 00 00 00 00 00
00 00 00 00 00 00 00 00
00 00 00 00 00 00 00 00
00 00 00 00 00 00 00 00
00 00 00 00 00 00 00 00
00 00 00 00 00 00 00 00
00 00 00 00 00 00 00 00
00 00 00 00 00 00 00 00
00 00 00 00 00 00 00 00
00 00 00 00 00 00 00 00
00 00 00 00 00 00 00 00
00 00 00 00 00 00 00 00
00 00 00 00 00 00 00 00
00 00 00 00 00 00 00 00
00 00 00 00 00 00 00 00
00 00 00 00 00 00 00 00
00 00 00 00 00 00 00 00
00 00 00 00 00 00 00 00
00 00 00 00 00 00 00 00
00 00 00 00 00 00 00 00
00 00 00 00 00 00 00 00
00 00 00 00 00 00 00 00
00 00 00 00 00 00 00 00
00 00 00 00 00 00 00 00
00 00 00 00 00 00 00 00
00 00 00 00 00 00 00 00
00 00 00 00 00 00 00 00
00 00 00 00 00 00 00 00
00 00 00 00 00 00 00 00
00 00 00 00 00 00 00 00
00 00 00 00 00 00 00 00
00 00 00 00 00 00 00 00
00 00 00 00 00 00 00 00
00 00 00 00 00 00 00 00
00 00 00 00 00 00 00 00
00 00 00 00 00 00 00 00
00 00 00 00 00 00 00 00
00 00 00 00 00 00 00 00
00 00 00 00 00 00 00 00
00 00 00 00 00 00 00 00
00 00 00 00 00 00 00 00
00 00 00 00 00 00 00 00
00 00 00 00 00 00 00 00
00 00 00 00 00 00 00 00
00 00 00 00 00 00 00 00
00 00 00 00 00 00 00 00
00 00 00 00 00 00 00 00
00 00 00 00 00 00 00 00
00 00 00 00 00 00 00 00
00 00 00 00 00 00 00 00
00 00 00 00 00 00 00 00
00 00 00 00 00 00 00 00
00 00 00 00 00 00 00 00
00 00 00 00 00 00 00 00
00 00 00 00 00 00 00 00
00 00 00 00 00 00 00 00
00 00 00 00 00 00 00 00
00 00 00 00 00 00 00 00
00 00 00 00 00 00 00 00
00 00 00 00 00 00 00 00
00 00 00 00 00 00 00 00
00 00 00 00 00 00 00 00
00 00 00 00 00 00 00 00
00 00 00 00 00 00 00 00
00 00 00 00 00 00 00 00
00 00 00 00 00 00 00 00
